64.4
64.6
64.8
64.9
65.1
65.3
65.1
64.2
64.4
65.5
66.1
64.8
63.9
67.1
69.1
70.7
72.3
73.2
73.7
75.7
75.5
76.1
75.9
77.0
77.9
77.7
77.9
75.9
76.4
77.0
77.0
79.1
81.1
81.9
82.8
83.4
84.4
86.0
85.5
85.6
84.9
85.7
85.7
86.3
85.0
85.0
84.6
84.5
82.2
86.4
87.2
90.6
94.1
94.1
95.0
95.2
90.4
96.3
95.5
91.5
90.7
86.2
84.9
86.0
87.1
88.4
88.3
90.8
92.0
90.1
89.5
89.7
89.6
91.5
91.8
90.4
89.1
93.0
89.6
90.7
88.5
84.5
80.7
77.4
76.9
77.1
78.4
78.4
78.1
78.2
77.4
76.7
78.3
78.6
79.4
80.6
81.9
81.8
82.5
82.5
84.9
85.3
84.5
83.4
84.9
84.6
85.1
88.0
87.7
88.6
90.6
92.2
94.2
94.8
97.6
98.6
100.0
100.1
100.1
100.2
100.5
101.1
99.9
98.6
96.7
94.9
93.9
94.5
94.8
94.8
95.1
94.9
96.3
96.1
96.1
96.5
98.5
100.3
101.4
103.0
101.4
102.4
102.7
102.9
103.2
102.4
102.9
104.1
105.0
104.5
104.8
105.5
106.1
105.7
105.1
104.4
104.5
104.7
106.9
107.4
107.8
108.1
108.0
109.1
108.6
106.5
106.6
104.8
105.1
103.8
104.9
103.2
103.0
103.2
103.9
104.9
105.8
106.0
104.5
106.0
104.9
106.1
105.6
105.8
106.7
107.6
108.3
108.9
108.5
108.7
108.5
108.5
108.7
107.1
105.6
100.7
95.3
95.5
95.2
96.7
97.8
99.6
100.8
101.8
102.3
102.6
102.1
101.8
102.3
100.5
100.9
99.2
99.0
99.6
99.9
100.4
102.0
102.6
102.9
103.1
103.0
102.5
102.0
102.2
