24.6
23.9
23.5
22.8
22.4
23.4
24.2
25.1
25.5
25.7
26.0
26.3
26.7
27.5
27.6
28.1
28.5
29.2
29.7
30.1
31.4
32.2
32.9
33.5
34.5
35.3
35.8
36.2
36.0
35.8
35.9
37.0
37.5
38.0
38.2
38.9
39.7
39.8
40.2
39.9
38.7
38.4
38.1
37.2
38.0
38.4
38.6
39.7
41.3
42.2
42.8
44.4
45.8
46.2
46.6
47.4
47.1
47.0
46.8
44.8
41.1
40.4
41.7
42.8
44.2
44.9
45.6
46.3
47.5
49.1
49.8
50.3
50.3
52.0
52.5
53.7
53.9
53.8
53.7
53.7
53.8
51.1
50.1
52.3
52.4
52.8
52.8
51.4
50.2
50.0
49.5
48.4
49.4
50.8
52.7
54.3
55.9
56.8
57.3
57.7
57.7
57.9
57.9
58.2
58.9
58.9
59.2
59.9
60.8
61.8
63.0
64.7
65.2
65.9
66.0
66.7
67.1
66.6
66.1
66.1
66.8
67.3
67.5
66.4
64.9
65.2
66.3
66.6
66.7
68.0
68.7
69.2
70.0
70.2
70.4
71.6
72.4
74.1
75.2
77.0
77.8
78.0
78.6
79.4
79.8
81.8
83.3
84.4
86.3
87.9
90.1
92.6
94.0
94.4
95.2
97.1
98.3
99.4
100.2
102.3
103.4
104.7
104.5
103.9
102.3
101.0
99.4
98.4
99.3
100.7
101.5
101.4
101.8
101.3
101.9
103.1
103.7
104.5
105.6
107.0
108.6
109.3
109.0
110.7
111.8
112.0
112.2
112.7
113.9
115.5
115.7
115.8
115.0
112.7
108.7
102.3
95.4
92.6
94.2
95.8
97.4
99.9
101.1
101.5
102.3
102.1
103.1
104.0
105.4
105.6
105.4
105.8
106.5
106.4
106.3
106.7
106.5
107.7
108.3
108.9
108.4
108.6
109.1
108.9
