	(1)	(2)	(3)	(4)	(5)	(6)	(7)	(8)	(9)	(10)	(11)	(12)	(13)	(14)	(15)	(16)	(17)
		1	1	1	1	2	2	2	2	3	3	3	3	6	6	6	6
		no tr	tr	no tr	tr	no tr	tr	no tr	tr	no tr	tr	no tr	tr	no tr	tr	no tr	tr
		no w	no w	w	w	no w	no w	w	w	no w	no w	w	w	no w	no w	w	w
VARIABLES	mrate	mrate	mrate	mrate	mrate	mrate	mrate	mrate	mrate	mrate	mrate	mrate	mrate	mrate	mrate	mrate	mrate
																	
legal	10.99	10.80	8.47	12.41	9.65	7.59	6.64	7.50	6.46	0.59	0.47	1.49	1.26	1.33	0.08	1.89	1.28
	(0.55)	(4.59)	(5.10)	(4.60)	(4.64)	(2.50)	(2.66)	(2.27)	(2.24)	(0.59)	(0.79)	(0.88)	(0.89)	(1.59)	(1.93)	(1.78)	(1.45)
_Istate_2		107.89	-3,473.59	107.60	-3,272.49	-2.00	-5,169.00	-0.94	-5,037.71	26.40	306.94	26.57	539.46	-7.61	-1,308.69	-7.53	-1,435.75
		(1.18)	(591.15)	(1.14)	(528.20)	(0.64)	(308.02)	(0.56)	(256.88)	(0.15)	(92.19)	(0.20)	(96.96)	(0.41)	(224.17)	(0.43)	(166.69)
_Istate_4		37.80	4,725.25	36.08	5,258.92	20.82	1,602.09	20.22	1,875.28	11.45	689.11	11.12	651.15	0.41	-256.19	0.34	-215.84
		(0.67)	(249.31)	(0.72)	(254.50)	(0.37)	(129.90)	(0.36)	(123.05)	(0.09)	(38.88)	(0.11)	(42.00)	(0.23)	(94.54)	(0.24)	(80.46)
_Istate_5		6.03	2,188.08	6.25	1,876.35	4.73	313.12	4.50	157.47	2.76	-49.62	3.12	-209.76	-2.88	320.53	-2.66	204.34
		(1.86)	(696.65)	(1.94)	(623.78)	(1.01)	(362.99)	(0.96)	(301.29)	(0.24)	(108.64)	(0.38)	(118.37)	(0.64)	(264.17)	(0.76)	(193.60)
_Istate_6		-0.74	-2,104.48	0.31	-2,321.40	-3.89	-2,314.61	-3.56	-2,285.49	7.07	1,723.81	7.16	1,545.10	-5.32	-1,275.87	-4.84	-1,405.51
		(1.86)	(696.65)	(1.94)	(627.39)	(1.01)	(362.99)	(0.96)	(302.75)	(0.24)	(108.64)	(0.38)	(119.26)	(0.64)	(264.17)	(0.76)	(195.57)
_Istate_8		-12.38	-2,584.92	-13.01	-2,842.27	-9.45	-3,174.85	-8.98	-3,189.90	7.52	553.35	6.87	413.07	-3.72	-917.51	-3.94	-1,118.79
		(2.73)	(701.75)	(2.64)	(636.59)	(1.49)	(365.64)	(1.30)	(306.38)	(0.35)	(109.44)	(0.50)	(120.02)	(0.94)	(266.11)	(1.02)	(200.22)
_Istate_9		-45.21	-7,633.85	-45.02	-7,735.20	-15.28	-3,466.47	-14.84	-3,408.47	0.24	-446.84	-0.06	-502.57	-7.04	-1,626.23	-7.03	-1,639.59
		(1.67)	(152.85)	(1.68)	(166.31)	(0.91)	(79.64)	(0.83)	(80.69)	(0.21)	(23.84)	(0.32)	(31.79)	(0.58)	(57.96)	(0.65)	(52.00)
_Istate_10		-32.05	-4,669.77	-31.37	-4,924.28	-10.44	-4,373.73	-9.93	-4,369.10	4.37	-652.36	4.63	-776.02	-10.18	-1,504.18	-10.25	-1,786.37
		(0.60)	(474.19)	(0.67)	(444.93)	(0.33)	(247.07)	(0.33)	(213.70)	(0.08)	(73.95)	(0.13)	(83.16)	(0.21)	(179.82)	(0.25)	(142.33)
_Istate_11		4.29	3,974.17	2.95	5,116.58	-42.70	-2,961.10	-42.95	-2,653.46	-0.47	39.78	-1.01	-102.12	26.96	3,989.64	26.93	4,286.92
		(2.73)	(701.75)	(2.66)	(669.56)	(1.49)	(365.64)	(1.31)	(322.77)	(0.35)	(109.44)	(0.55)	(137.31)	(0.94)	(266.11)	(1.08)	(208.98)
_Istate_12		5.06	-2,580.74	4.93	-2,830.18	-0.36	-2,430.49	0.01	-2,602.63	5.54	-39.83	5.32	-72.15	-3.65	-706.19	-3.67	-716.25
		(1.24)	(139.21)	(1.34)	(192.01)	(0.68)	(72.53)	(0.66)	(93.47)	(0.16)	(21.71)	(0.23)	(30.63)	(0.43)	(52.79)	(0.48)	(60.88)
_Istate_13		-0.08	4,266.56	-1.35	3,951.26	1.13	1,514.88	0.84	1,355.75	1.76	240.70	1.42	173.94	-1.84	-227.26	-1.99	-315.25
		(1.56)	(321.26)	(1.57)	(328.55)	(0.85)	(167.39)	(0.77)	(158.76)	(0.20)	(50.10)	(0.30)	(61.95)	(0.54)	(121.82)	(0.60)	(102.51)
_Istate_15		-35.50	-7,835.49	-35.88	-8,276.90	-25.01	-3,464.81	-24.59	-3,574.15	5.42	-75.77	5.12	-73.89	-5.95	-3,339.34	-6.25	-3,579.26
		(2.02)	(137.27)	(2.05)	(169.53)	(1.10)	(71.53)	(1.01)	(81.11)	(0.26)	(21.41)	(0.39)	(30.11)	(0.70)	(52.05)	(0.80)	(57.40)
_Istate_16		14.69	740.57	14.44	780.53	19.67	1,929.19	19.27	1,962.90	10.05	157.43	9.81	-8.75	-10.87	-2,320.58	-10.52	-2,409.65
		(0.89)	(453.08)	(0.85)	(423.66)	(0.48)	(236.07)	(0.42)	(203.40)	(0.11)	(70.66)	(0.15)	(78.42)	(0.31)	(171.81)	(0.32)	(133.50)
_Istate_17		-15.04	-2,246.95	-14.44	-2,410.83	-15.00	-1,621.32	-14.78	-1,627.29	0.01	193.83	0.08	45.29	1.06	109.50	1.25	49.65
		(0.49)	(722.59)	(0.53)	(676.77)	(0.27)	(376.50)	(0.26)	(326.23)	(0.06)	(112.69)	(0.10)	(131.32)	(0.17)	(274.01)	(0.19)	(211.06)
_Istate_18		-17.51	-2,577.56	-16.54	-2,758.34	-2.60	-807.49	-2.49	-797.86	1.52	-300.99	1.86	-434.46	-4.74	-554.68	-4.47	-703.85
		(1.86)	(696.65)	(1.94)	(640.03)	(1.01)	(362.99)	(0.96)	(308.31)	(0.24)	(108.64)	(0.36)	(124.43)	(0.64)	(264.17)	(0.73)	(200.24)
_Istate_19		-20.04	-416.07	-20.29	-503.95	5.22	1,674.21	5.29	1,639.37	2.09	-657.76	1.81	-712.69	-8.88	-832.06	-8.89	-873.66
		(1.33)	(357.82)	(1.29)	(345.14)	(0.72)	(186.44)	(0.64)	(166.10)	(0.17)	(55.80)	(0.26)	(68.81)	(0.46)	(135.69)	(0.51)	(106.91)
_Istate_20		-18.54	-4,079.72	-19.19	-4,369.74	-3.30	-702.16	-3.19	-765.37	3.16	-782.56	2.63	-901.69	-9.08	-1,538.78	-9.28	-1,705.25
		(2.73)	(701.75)	(2.66)	(649.77)	(1.49)	(365.64)	(1.31)	(312.83)	(0.35)	(109.44)	(0.52)	(127.38)	(0.94)	(266.11)	(1.05)	(203.32)
_Istate_21		-4.34	-3,688.37	-3.16	-3,875.64	2.85	-749.89	2.92	-774.76	1.91	-384.34	2.30	-505.79	-3.47	-1,075.46	-3.05	-1,231.53
		(1.86)	(696.65)	(1.94)	(633.80)	(1.01)	(362.99)	(0.95)	(306.00)	(0.24)	(108.64)	(0.37)	(123.03)	(0.64)	(264.17)	(0.75)	(196.56)
_Istate_22		9.56	-5,713.51	9.52	-5,803.51	-5.83	-3,925.69	-5.24	-3,979.00	2.49	-876.31	2.10	-988.08	-1.70	-282.01	-1.92	-351.35
		(2.73)	(701.75)	(2.66)	(632.52)	(1.49)	(365.64)	(1.31)	(305.51)	(0.35)	(109.44)	(0.51)	(121.31)	(0.94)	(266.11)	(1.02)	(195.88)
_Istate_23		-14.12	-3,936.16	-13.73	-4,162.50	10.26	-2,107.19	10.71	-2,016.07	5.17	-18.86	4.99	-219.14	-10.91	-1,092.56	-10.82	-1,388.27
		(0.83)	(994.39)	(0.74)	(930.04)	(0.45)	(518.12)	(0.37)	(448.82)	(0.11)	(155.07)	(0.14)	(178.42)	(0.29)	(377.08)	(0.29)	(289.24)
_Istate_24		-23.12	-859.42	-23.38	-881.94	-18.89	-2,310.93	-18.54	-2,295.35	2.07	337.39	1.83	345.10	1.52	232.84	1.33	233.57
		(1.14)	(137.74)	(1.16)	(112.65)	(0.62)	(71.77)	(0.57)	(54.39)	(0.15)	(21.48)	(0.22)	(22.34)	(0.39)	(52.23)	(0.46)	(33.48)
_Istate_25		-42.48	-2,464.74	-42.46	-2,619.27	-16.82	-1,592.40	-16.56	-1,580.25	0.36	429.41	0.17	315.96	-4.59	-832.75	-4.57	-950.97
		(0.68)	(577.88)	(0.66)	(550.56)	(0.37)	(301.10)	(0.32)	(265.59)	(0.09)	(90.12)	(0.13)	(107.53)	(0.23)	(219.14)	(0.27)	(171.76)
_Istate_26		-16.58	608.13	-16.42	453.72	-11.17	-779.51	-10.92	-716.14	4.03	148.57	3.95	-50.78	-1.84	287.95	-1.80	60.26
		(0.43)	(1,166.23)	(0.41)	(1,098.56)	(0.23)	(607.66)	(0.20)	(529.43)	(0.05)	(181.87)	(0.09)	(212.72)	(0.15)	(442.24)	(0.18)	(343.60)
_Istate_27		-21.74	-806.05	-21.62	-862.42	-3.21	352.97	-2.90	368.45	5.19	-54.25	5.01	-99.74	-6.36	-1,730.46	-6.25	-1,789.50
		(0.88)	(250.99)	(0.86)	(251.87)	(0.48)	(130.78)	(0.42)	(120.84)	(0.11)	(39.14)	(0.17)	(49.03)	(0.30)	(95.18)	(0.34)	(79.18)
_Istate_28		-0.35	-1,498.53	-1.14	-1,812.73	-1.21	-425.49	-1.19	-598.67	-0.26	77.51	-0.84	-74.64	-2.48	-901.26	-2.63	-1,024.76
		(2.73)	(701.75)	(2.66)	(633.09)	(1.49)	(365.64)	(1.31)	(305.61)	(0.35)	(109.44)	(0.51)	(121.37)	(0.94)	(266.11)	(1.03)	(196.86)
_Istate_29		-1.32	-2,096.07	-0.21	-2,348.80	2.99	113.28	3.02	73.12	2.28	-92.44	2.65	-225.77	-3.64	-1,241.82	-3.19	-1,397.59
		(1.86)	(696.65)	(1.94)	(638.33)	(1.01)	(362.99)	(0.96)	(307.58)	(0.24)	(108.64)	(0.37)	(123.83)	(0.64)	(264.17)	(0.74)	(199.21)
_Istate_30		62.02	-3,948.07	62.43	-3,988.15	51.21	-2,215.23	51.58	-2,348.32	10.02	-288.93	9.92	-313.04	-6.00	-2,059.73	-5.73	-1,989.99
		(1.05)	(215.59)	(1.05)	(224.17)	(0.57)	(112.33)	(0.52)	(107.80)	(0.14)	(33.62)	(0.20)	(42.87)	(0.36)	(81.75)	(0.41)	(70.25)
_Istate_31		-15.59	-1,022.99	-15.49	-1,238.15	6.37	337.01	6.56	359.24	0.47	639.37	0.30	521.31	-7.18	-1,109.93	-7.11	-1,238.39
		(0.57)	(741.76)	(0.52)	(687.63)	(0.31)	(386.49)	(0.26)	(331.19)	(0.07)	(115.68)	(0.11)	(134.36)	(0.20)	(281.28)	(0.22)	(214.37)
_Istate_32		91.13	7,126.36	88.22	6,681.43	52.88	5,071.73	50.13	4,486.69	18.35	-157.88	18.85	-56.72	0.11	203.83	0.20	88.44
		(1.86)	(696.65)	(1.97)	(596.69)	(1.01)	(362.99)	(0.97)	(288.62)	(0.24)	(108.64)	(0.43)	(103.33)	(0.64)	(264.17)	(0.84)	(186.01)
_Istate_33		-23.07	-3,968.41	-22.84	-4,242.86	-1.89	-2,638.21	-1.65	-2,789.20	6.21	718.54	5.96	652.61	-12.76	-2,915.62	-12.24	-2,984.80
		(0.61)	(532.72)	(0.59)	(537.75)	(0.33)	(277.57)	(0.29)	(259.78)	(0.08)	(83.08)	(0.10)	(101.71)	(0.21)	(202.01)	(0.20)	(165.59)
_Istate_34		-39.87	-1,985.50	-39.99	-2,018.19	-21.26	-2,973.24	-20.82	-2,938.31	-0.88	322.77	-1.17	261.21	-2.36	303.69	-2.49	304.90
		(1.31)	(285.88)	(1.31)	(291.47)	(0.71)	(148.96)	(0.64)	(141.04)	(0.17)	(44.58)	(0.25)	(55.77)	(0.45)	(108.41)	(0.51)	(90.68)
_Istate_35		66.89	-136.11	67.57	-265.67	44.17	-425.32	44.11	-414.36	14.99	-1,310.63	15.68	-1,386.56	0.46	-1,268.73	0.95	-1,463.38
		(1.86)	(696.65)	(1.95)	(619.27)	(1.01)	(362.99)	(0.96)	(298.85)	(0.24)	(108.64)	(0.39)	(114.74)	(0.64)	(264.17)	(0.77)	(193.89)
_Istate_36		-28.39	-700.69	-29.07	-951.33	-28.00	-2,838.89	-27.68	-2,845.64	-0.74	179.19	-1.26	36.96	6.57	2,473.91	6.24	2,316.71
		(2.62)	(799.92)	(2.56)	(729.52)	(1.42)	(416.80)	(1.26)	(352.45)	(0.34)	(124.75)	(0.50)	(142.71)	(0.90)	(303.34)	(1.01)	(226.52)
_Istate_37		-12.41	-22.41	-13.08	-208.42	-0.13	116.32	0.04	124.04	1.23	-10.63	0.72	-136.37	-6.27	-1,235.02	-6.41	-1,393.55
		(2.71)	(724.12)	(2.64)	(661.97)	(1.47)	(377.30)	(1.30)	(319.34)	(0.35)	(112.93)	(0.51)	(128.86)	(0.93)	(274.59)	(1.03)	(206.00)
_Istate_38		2.40	-492.47	3.66	-725.45	13.89	1,688.50	14.20	1,660.62	6.78	-881.90	7.22	-1,088.21	-5.78	-1,112.38	-5.27	-1,234.75
		(1.86)	(696.65)	(1.95)	(640.41)	(1.01)	(362.99)	(0.96)	(308.54)	(0.24)	(108.64)	(0.37)	(124.44)	(0.64)	(264.17)	(0.74)	(200.06)
_Istate_39		-33.72	-3,759.82	-34.19	-4,010.51	-20.27	-1,666.79	-20.03	-1,690.21	2.23	-200.71	1.72	-347.54	-0.07	-1,798.03	-0.24	-1,968.93
		(2.59)	(822.73)	(2.52)	(754.56)	(1.41)	(428.68)	(1.24)	(363.61)	(0.33)	(128.30)	(0.50)	(147.36)	(0.89)	(311.98)	(1.00)	(236.27)
_Istate_40		0.81	-8,301.35	1.82	-8,339.44	4.26	-4,930.30	4.99	-5,002.00	5.81	-737.15	5.86	-643.31	-3.96	-1,002.77	-3.89	-959.06
		(0.37)	(304.42)	(0.44)	(289.95)	(0.20)	(158.62)	(0.22)	(139.93)	(0.05)	(47.47)	(0.08)	(57.20)	(0.13)	(115.44)	(0.16)	(90.26)
_Istate_41		2.24	-2,084.26	3.37	-2,083.74	6.38	-1,762.21	6.62	-1,673.54	6.13	62.52	6.51	-50.20	-5.26	-999.89	-4.89	-1,104.51
		(1.86)	(696.65)	(1.94)	(638.51)	(1.01)	(362.99)	(0.96)	(306.96)	(0.24)	(108.64)	(0.37)	(122.39)	(0.64)	(264.17)	(0.74)	(199.94)
_Istate_42		-29.91	-4,132.57	-28.81	-4,322.08	-12.78	-2,921.36	-12.52	-2,923.45	2.23	52.48	2.60	-72.60	-5.36	-1,150.32	-4.98	-1,301.72
		(1.86)	(696.65)	(1.94)	(638.81)	(1.01)	(362.99)	(0.95)	(308.07)	(0.24)	(108.64)	(0.36)	(124.73)	(0.64)	(264.17)	(0.73)	(199.47)
_Istate_44		-55.80	-3,228.45	-56.12	-3,352.45	-24.44	-2,264.43	-24.23	-2,269.73	1.62	403.89	1.31	309.36	-10.98	-426.57	-11.10	-533.76
		(1.39)	(601.64)	(1.36)	(552.77)	(0.76)	(313.48)	(0.67)	(266.78)	(0.18)	(93.82)	(0.28)	(110.36)	(0.48)	(228.14)	(0.56)	(171.80)
_Istate_45		-17.44	-415.21	-18.28	-583.55	-7.44	-322.58	-7.33	-363.04	1.13	-505.54	0.64	-638.45	-5.65	-1,218.30	-5.79	-1,344.12
		(2.73)	(701.75)	(2.66)	(636.97)	(1.49)	(365.64)	(1.31)	(307.29)	(0.35)	(109.44)	(0.51)	(122.71)	(0.94)	(266.11)	(1.03)	(198.21)
_Istate_46		-7.51	2,800.49	-7.94	2,701.70	11.46	6,013.44	11.85	6,045.38	2.96	-692.19	2.53	-802.03	-10.48	-2,378.50	-10.66	-2,491.83
		(2.44)	(476.91)	(2.38)	(447.87)	(1.33)	(248.49)	(1.18)	(215.35)	(0.31)	(74.37)	(0.47)	(88.52)	(0.84)	(180.85)	(0.95)	(140.46)
_Istate_47		8.00	-1,700.59	7.64	-1,846.97	9.40	-849.82	9.44	-888.07	2.35	144.55	1.98	28.51	0.12	-758.80	0.11	-881.96
		(1.81)	(638.07)	(1.76)	(602.44)	(0.99)	(332.46)	(0.87)	(290.71)	(0.23)	(99.51)	(0.34)	(116.21)	(0.63)	(241.96)	(0.68)	(186.77)
_Istate_48		7.82	-6,637.55	8.37	-6,904.00	0.20	-3,683.61	0.78	-3,789.72	4.11	-407.44	3.91	-445.41	-1.18	-363.39	-1.29	-384.73
		(1.32)	(67.85)	(1.38)	(101.16)	(0.72)	(35.35)	(0.68)	(49.17)	(0.17)	(10.58)	(0.25)	(16.75)	(0.45)	(25.73)	(0.51)	(31.72)
_Istate_49		-18.75	-2,666.60	-18.03	-3,137.44	-2.12	-663.03	-2.11	-744.18	3.55	-107.98	3.83	-337.73	-6.28	-1,874.95	-5.79	-2,041.15
		(1.86)	(696.65)	(1.96)	(636.64)	(1.01)	(362.99)	(0.96)	(305.70)	(0.24)	(108.64)	(0.38)	(119.71)	(0.64)	(264.17)	(0.76)	(201.46)
_Istate_50		-14.43	-3,259.19	-15.14	-3,269.17	8.57	-238.30	8.39	-180.41	6.70	-658.97	6.33	-758.86	-13.67	-2,977.25	-13.68	-2,999.16
		(2.13)	(210.32)	(2.11)	(216.17)	(1.16)	(109.59)	(1.04)	(103.74)	(0.27)	(32.80)	(0.41)	(42.15)	(0.74)	(79.75)	(0.82)	(67.32)
_Istate_51		-29.33	-793.07	-29.62	-785.07	-9.91	-275.80	-9.84	-331.61	3.25	264.99	2.95	263.07	-11.01	-1,278.82	-11.00	-1,217.53
		(1.21)	(196.25)	(1.24)	(165.84)	(0.66)	(102.25)	(0.61)	(79.80)	(0.16)	(30.60)	(0.24)	(32.14)	(0.42)	(74.42)	(0.48)	(50.98)
_Istate_53		-7.71	-4,171.39	-6.43	-4,318.65	4.44	-2,461.55	4.80	-2,462.42	3.50	485.85	3.83	370.56	-6.16	-1,325.89	-5.77	-1,434.07
		(1.86)	(696.65)	(1.93)	(633.40)	(1.01)	(362.99)	(0.95)	(305.58)	(0.24)	(108.64)	(0.37)	(122.45)	(0.64)	(264.17)	(0.75)	(195.81)
_Istate_54		-3.77	-3,163.77	-4.17	-3,394.79	4.61	-2,429.61	5.00	-2,420.25	0.54	-1,075.92	0.08	-1,216.60	-3.56	-162.36	-3.74	-300.73
		(2.72)	(713.80)	(2.65)	(652.97)	(1.48)	(371.92)	(1.31)	(315.35)	(0.35)	(111.32)	(0.52)	(128.20)	(0.94)	(270.68)	(1.04)	(202.02)
_Istate_55		-21.53	-3,317.64	-21.97	-3,453.70	0.20	-566.99	0.47	-545.18	5.36	-1,309.64	4.93	-1,436.20	-9.43	-735.84	-9.61	-850.57
		(2.73)	(701.75)	(2.66)	(642.25)	(1.49)	(365.64)	(1.31)	(309.49)	(0.35)	(109.44)	(0.52)	(124.42)	(0.94)	(266.11)	(1.04)	(199.92)
_Istate_56		92.05	4,925.14	91.13	5,748.30	77.50	2,683.02	77.45	3,314.04	8.24	-325.36	8.07	-438.46	-8.96	-1,441.48	-8.45	-1,288.22
		(0.52)	(158.52)	(0.57)	(171.76)	(0.28)	(82.60)	(0.28)	(81.70)	(0.07)	(24.72)	(0.09)	(27.57)	(0.18)	(60.11)	(0.19)	(54.71)
year			-4.30		-4.37		-2.16		-2.06		0.29		0.18		-1.52		-1.51
			(0.37)		(0.29)		(0.23)		(0.15)		(0.09)		(0.08)		(0.12)		(0.11)
_IstaXyear_2			1.81		1.71		2.61		2.55		-0.14		-0.26		0.66		0.72
			(0.30)		(0.27)		(0.16)		(0.13)		(0.05)		(0.05)		(0.11)		(0.08)
_IstaXyear_4			-2.37		-2.64		-0.80		-0.94		-0.34		-0.32		0.13		0.11
			(0.13)		(0.13)		(0.07)		(0.06)		(0.02)		(0.02)		(0.05)		(0.04)
_IstaXyear_5			-1.10		-0.95		-0.16		-0.08		0.03		0.11		-0.16		-0.10
			(0.35)		(0.32)		(0.18)		(0.15)		(0.06)		(0.06)		(0.13)		(0.10)
_IstaXyear_6			1.06		1.17		1.17		1.15		-0.87		-0.78		0.64		0.71
			(0.35)		(0.32)		(0.18)		(0.15)		(0.06)		(0.06)		(0.13)		(0.10)
_IstaXyear_8			1.30		1.43		1.60		1.61		-0.28		-0.21		0.46		0.56
			(0.35)		(0.32)		(0.18)		(0.15)		(0.06)		(0.06)		(0.13)		(0.10)
_IstaXyear_9			3.84		3.89		1.75		1.72		0.23		0.25		0.82		0.83
			(0.08)		(0.08)		(0.04)		(0.04)		(0.01)		(0.02)		(0.03)		(0.03)
_IstaXyear_10			2.35		2.48		2.21		2.21		0.33		0.39		0.76		0.90
			(0.24)		(0.23)		(0.13)		(0.11)		(0.04)		(0.04)		(0.09)		(0.07)
_IstaXyear_11			-2.01		-2.59		1.48		1.32		-0.02		0.05		-2.00		-2.16
			(0.35)		(0.34)		(0.18)		(0.16)		(0.06)		(0.07)		(0.13)		(0.11)
_IstaXyear_12			1.31		1.43		1.23		1.32		0.02		0.04		0.36		0.36
			(0.07)		(0.10)		(0.04)		(0.05)		(0.01)		(0.02)		(0.03)		(0.03)
_IstaXyear_13			-2.16		-2.00		-0.77		-0.69		-0.12		-0.09		0.11		0.16
			(0.16)		(0.17)		(0.08)		(0.08)		(0.03)		(0.03)		(0.06)		(0.05)
_IstaXyear_15			3.95		4.17		1.74		1.80		0.04		0.04		1.69		1.81
			(0.07)		(0.08)		(0.04)		(0.04)		(0.01)		(0.02)		(0.03)		(0.03)
_IstaXyear_16			-0.37		-0.39		-0.97		-0.98		-0.07		0.01		1.17		1.21
			(0.23)		(0.21)		(0.12)		(0.10)		(0.04)		(0.04)		(0.09)		(0.07)
_IstaXyear_17			1.13		1.21		0.81		0.82		-0.10		-0.02		-0.05		-0.02
			(0.37)		(0.34)		(0.19)		(0.17)		(0.06)		(0.07)		(0.14)		(0.11)
_IstaXyear_18			1.29		1.39		0.41		0.40		0.15		0.22		0.28		0.35
			(0.35)		(0.32)		(0.18)		(0.16)		(0.06)		(0.06)		(0.13)		(0.10)
_IstaXyear_19			0.20		0.25		-0.84		-0.83		0.33		0.36		0.42		0.44
			(0.18)		(0.17)		(0.09)		(0.08)		(0.03)		(0.03)		(0.07)		(0.05)
_IstaXyear_20			2.06		2.20		0.35		0.39		0.40		0.46		0.77		0.86
			(0.35)		(0.33)		(0.18)		(0.16)		(0.06)		(0.06)		(0.13)		(0.10)
_IstaXyear_21			1.86		1.96		0.38		0.39		0.20		0.26		0.54		0.62
			(0.35)		(0.32)		(0.18)		(0.16)		(0.06)		(0.06)		(0.13)		(0.10)
_IstaXyear_22			2.90		2.94		1.98		2.01		0.44		0.50		0.14		0.18
			(0.35)		(0.32)		(0.18)		(0.15)		(0.06)		(0.06)		(0.13)		(0.10)
_IstaXyear_23			1.98		2.10		1.07		1.03		0.01		0.11		0.55		0.70
			(0.50)		(0.47)		(0.26)		(0.23)		(0.08)		(0.09)		(0.19)		(0.15)
_IstaXyear_24			0.42		0.43		1.16		1.15		-0.17		-0.17		-0.12		-0.12
			(0.07)		(0.06)		(0.04)		(0.03)		(0.01)		(0.01)		(0.03)		(0.02)
_IstaXyear_25			1.23		1.30		0.80		0.79		-0.22		-0.16		0.42		0.48
			(0.29)		(0.28)		(0.15)		(0.13)		(0.05)		(0.05)		(0.11)		(0.09)
_IstaXyear_26			-0.32		-0.24		0.39		0.36		-0.07		0.03		-0.15		-0.03
			(0.59)		(0.56)		(0.31)		(0.27)		(0.09)		(0.11)		(0.22)		(0.17)
_IstaXyear_27			0.40		0.43		-0.18		-0.19		0.03		0.05		0.87		0.90
			(0.13)		(0.13)		(0.07)		(0.06)		(0.02)		(0.02)		(0.05)		(0.04)
_IstaXyear_28			0.76		0.92		0.21		0.30		-0.04		0.04		0.46		0.52
			(0.35)		(0.32)		(0.18)		(0.15)		(0.06)		(0.06)		(0.13)		(0.10)
_IstaXyear_29			1.06		1.19		-0.06		-0.04		0.05		0.12		0.63		0.71
			(0.35)		(0.32)		(0.18)		(0.16)		(0.06)		(0.06)		(0.13)		(0.10)
_IstaXyear_30			2.03		2.05		1.15		1.21		0.15		0.16		1.04		1.00
			(0.11)		(0.11)		(0.06)		(0.05)		(0.02)		(0.02)		(0.04)		(0.04)
_IstaXyear_31			0.51		0.62		-0.17		-0.18		-0.32		-0.26		0.56		0.62
			(0.37)		(0.35)		(0.20)		(0.17)		(0.06)		(0.07)		(0.14)		(0.11)
_IstaXyear_32			-3.56		-3.33		-2.54		-2.24		0.09		0.04		-0.10		-0.04
			(0.35)		(0.30)		(0.18)		(0.15)		(0.06)		(0.05)		(0.13)		(0.09)
_IstaXyear_33			2.00		2.13		1.33		1.41		-0.36		-0.33		1.47		1.50
			(0.27)		(0.27)		(0.14)		(0.13)		(0.04)		(0.05)		(0.10)		(0.08)
_IstaXyear_34			0.98		1.00		1.49		1.48		-0.16		-0.13		-0.15		-0.16
			(0.14)		(0.15)		(0.07)		(0.07)		(0.02)		(0.03)		(0.05)		(0.05)
_IstaXyear_35			0.10		0.17		0.24		0.23		0.67		0.71		0.64		0.74
			(0.35)		(0.31)		(0.18)		(0.15)		(0.06)		(0.06)		(0.13)		(0.10)
_IstaXyear_36			0.34		0.47		1.42		1.43		-0.09		-0.02		-1.25		-1.17
			(0.40)		(0.37)		(0.21)		(0.18)		(0.06)		(0.07)		(0.15)		(0.11)
_IstaXyear_37			0.01		0.10		-0.06		-0.06		0.01		0.07		0.62		0.70
			(0.36)		(0.33)		(0.19)		(0.16)		(0.06)		(0.06)		(0.14)		(0.10)
_IstaXyear_38			0.25		0.37		-0.85		-0.83		0.45		0.55		0.56		0.62
			(0.35)		(0.32)		(0.18)		(0.16)		(0.06)		(0.06)		(0.13)		(0.10)
_IstaXyear_39			1.89		2.01		0.83		0.85		0.10		0.18		0.91		1.00
			(0.41)		(0.38)		(0.22)		(0.18)		(0.06)		(0.07)		(0.16)		(0.12)
_IstaXyear_40			4.20		4.22		2.50		2.53		0.38		0.33		0.51		0.48
			(0.15)		(0.15)		(0.08)		(0.07)		(0.02)		(0.03)		(0.06)		(0.05)
_IstaXyear_41			1.06		1.06		0.89		0.85		-0.03		0.03		0.50		0.56
			(0.35)		(0.32)		(0.18)		(0.16)		(0.06)		(0.06)		(0.13)		(0.10)
_IstaXyear_42			2.08		2.17		1.47		1.47		-0.03		0.04		0.58		0.66
			(0.35)		(0.32)		(0.18)		(0.16)		(0.06)		(0.06)		(0.13)		(0.10)
_IstaXyear_44			1.61		1.67		1.13		1.14		-0.20		-0.16		0.21		0.26
			(0.30)		(0.28)		(0.16)		(0.13)		(0.05)		(0.06)		(0.12)		(0.09)
_IstaXyear_45			0.20		0.29		0.16		0.18		0.26		0.32		0.61		0.68
			(0.35)		(0.32)		(0.18)		(0.15)		(0.06)		(0.06)		(0.13)		(0.10)
_IstaXyear_46			-1.42		-1.37		-3.04		-3.05		0.35		0.41		1.20		1.26
			(0.24)		(0.23)		(0.13)		(0.11)		(0.04)		(0.04)		(0.09)		(0.07)
_IstaXyear_47			0.86		0.94		0.43		0.45		-0.07		-0.01		0.38		0.45
			(0.32)		(0.30)		(0.17)		(0.15)		(0.05)		(0.06)		(0.12)		(0.09)
_IstaXyear_48			3.36		3.50		1.86		1.92		0.21		0.23		0.18		0.19
			(0.03)		(0.05)		(0.02)		(0.02)		(0.01)		(0.01)		(0.01)		(0.02)
_IstaXyear_49			1.34		1.58		0.33		0.38		0.06		0.17		0.95		1.03
			(0.35)		(0.32)		(0.18)		(0.16)		(0.06)		(0.06)		(0.13)		(0.10)
_IstaXyear_50			1.64		1.65		0.13		0.10		0.34		0.39		1.50		1.51
			(0.11)		(0.11)		(0.05)		(0.05)		(0.02)		(0.02)		(0.04)		(0.03)
_IstaXyear_51			0.39		0.38		0.13		0.16		-0.13		-0.13		0.64		0.61
			(0.10)		(0.08)		(0.05)		(0.04)		(0.02)		(0.02)		(0.04)		(0.03)
_IstaXyear_53			2.11		2.18		1.25		1.25		-0.24		-0.19		0.67		0.72
			(0.35)		(0.32)		(0.18)		(0.16)		(0.06)		(0.06)		(0.13)		(0.10)
_IstaXyear_54			1.60		1.72		1.23		1.23		0.54		0.62		0.08		0.15
			(0.36)		(0.33)		(0.19)		(0.16)		(0.06)		(0.06)		(0.14)		(0.10)
_IstaXyear_55			1.67		1.74		0.29		0.28		0.67		0.73		0.37		0.43
			(0.35)		(0.32)		(0.18)		(0.16)		(0.06)		(0.06)		(0.13)		(0.10)
_IstaXyear_56			-2.45		-2.86		-1.32		-1.64		0.17		0.23		0.72		0.65
			(0.08)		(0.09)		(0.04)		(0.04)		(0.01)		(0.01)		(0.03)		(0.03)
_Iyear_1971		-5.50	-2.03	-3.68	-0.45	-3.68	-2.04	-1.93	-0.68	2.11	1.77	0.85	0.67	-2.33	-1.22	-0.16	1.05
		(3.06)	(3.05)	(2.05)	(2.08)	(2.25)	(2.26)	(1.19)	(1.21)	(0.93)	(0.93)	(0.42)	(0.40)	(1.26)	(1.28)	(1.61)	(1.72)
_Iyear_1972		-6.56	0.62	-5.41	1.24	-0.94	2.44	-0.38	2.19	1.25	0.58	0.52	0.18	-4.17	-1.82	-2.85	-0.39
		(3.04)	(3.06)	(2.35)	(2.46)	(1.64)	(1.78)	(1.28)	(1.34)	(0.96)	(0.92)	(0.67)	(0.54)	(1.47)	(1.44)	(1.22)	(1.40)
_Iyear_1973		-5.06	5.92	-3.38	6.89	-2.09	3.06	-1.28	2.67	2.70	1.70	1.42	0.94	-5.70	-2.08	-3.47	0.28
		(3.37)	(3.20)	(2.40)	(2.06)	(1.44)	(1.34)	(1.23)	(1.13)	(0.93)	(0.96)	(0.97)	(0.70)	(1.50)	(1.45)	(1.30)	(1.52)
_Iyear_1974		-14.69	-0.09	-13.69	0.07	-11.22	-4.39	-9.68	-4.38	3.62	2.30	1.45	0.82	-6.57	-1.77	-5.34	-0.33
		(4.20)	(4.07)	(2.86)	(2.30)	(2.64)	(2.48)	(1.79)	(1.51)	(1.07)	(1.01)	(1.19)	(0.81)	(1.62)	(1.57)	(1.21)	(1.22)
_Iyear_1975		-19.98	-1.92	-18.63	-1.61	-13.93	-5.45	-11.70	-5.15	4.32	2.65	1.71	0.91	-7.63	-1.71	-7.32	-1.12
		(3.74)	(3.32)	(2.35)	(1.74)	(2.22)	(2.03)	(1.52)	(1.14)	(1.06)	(1.02)	(1.38)	(0.92)	(1.41)	(1.24)	(1.33)	(1.01)
_Iyear_1976		-23.40	-1.90	-24.03	-3.80	-9.62	0.48	-9.09	-1.31	2.96	0.96	1.57	0.59	-11.80	-4.79	-10.97	-3.58
		(3.98)	(3.99)	(2.63)	(2.11)	(2.41)	(2.30)	(1.28)	(1.00)	(0.86)	(0.69)	(1.34)	(0.77)	(1.59)	(1.31)	(1.50)	(0.91)
_Iyear_1977		-21.10	3.84	-20.07	3.36	-8.12	3.60	-6.51	2.51	5.67	3.33	3.43	2.28	-12.36	-4.26	-11.94	-3.37
		(3.72)	(3.16)	(2.67)	(2.10)	(2.22)	(1.84)	(1.81)	(1.40)	(1.03)	(0.95)	(1.27)	(0.61)	(1.27)	(1.12)	(1.27)	(0.78)
_Iyear_1978		-23.07	5.26	-20.64	5.95	-7.88	5.44	-4.49	5.75	3.79	1.10	1.95	0.62	-12.00	-2.85	-12.48	-2.73
		(4.57)	(4.09)	(2.78)	(2.40)	(2.39)	(1.87)	(1.79)	(1.36)	(0.86)	(0.72)	(1.55)	(0.76)	(1.44)	(1.13)	(1.38)	(0.83)
_Iyear_1979		-21.62	9.99	-19.32	10.28	-6.67	8.21	-3.58	7.82	5.07	2.04	2.83	1.31	-14.66	-4.50	-14.39	-3.51
		(4.30)	(4.04)	(2.95)	(2.87)	(2.69)	(2.31)	(1.92)	(1.63)	(0.95)	(0.76)	(1.41)	(0.59)	(1.63)	(1.29)	(1.46)	(0.93)
_Iyear_1980		-20.25	14.69	-19.08	13.54	-7.82	8.64	-5.08	7.48	5.35	1.97	3.18	1.48	-13.29	-2.10	-13.60	-1.58
		(4.01)	(3.88)	(2.60)	(2.90)	(2.13)	(2.15)	(1.78)	(1.32)	(0.83)	(0.83)	(1.55)	(0.62)	(1.78)	(1.50)	(1.17)	(0.76)
_Iyear_1981		-33.26	5.04	-30.59	5.14	-12.71	5.34	-9.71	4.04	5.47	1.75	2.49	0.62	-15.09	-2.85	-15.04	-1.85
		(3.22)	(3.01)	(2.66)	(2.62)	(2.39)	(2.34)	(1.90)	(1.39)	(1.06)	(1.07)	(1.46)	(0.54)	(1.15)	(1.11)	(1.16)	(0.89)
_Iyear_1982		-41.55	0.13	-37.19	1.63	-19.08	0.58	-15.91	-1.00	4.12	0.05	2.78	0.73	-14.91	-1.61	-15.09	-0.73
		(3.83)	(3.03)	(2.78)	(2.26)	(2.54)	(1.94)	(1.89)	(0.97)	(0.94)	(1.01)	(1.39)	(0.51)	(1.39)	(1.06)	(1.31)	(0.78)
o._Iyear_1983			-		-		-		-		-		-		-		-
																	
o._Iyear_1984		-	-	-	-	-	-	-	-	-	-	-	-	-	-	-	-
																	
o._Iyear_1985		-	-	-	-	-	-	-	-	-	-	-	-	-	-	-	-
																	
o._Iyear_1986		-	-	-	-	-	-	-	-	-	-	-	-	-	-	-	-
																	
o._Iyear_1987		-	-	-	-	-	-	-	-	-	-	-	-	-	-	-	-
																	
o._Iyear_1988		-	-	-	-	-	-	-	-	-	-	-	-	-	-	-	-
																	
o._Iyear_1989		-	-	-	-	-	-	-	-	-	-	-	-	-	-	-	-
																	
o._Iyear_1990		-	-	-	-	-	-	-	-	-	-	-	-	-	-	-	-
																	
o._Iyear_1991		-	-	-	-	-	-	-	-	-	-	-	-	-	-	-	-
																	
o._Iyear_1992		-	-	-	-	-	-	-	-	-	-	-	-	-	-	-	-
																	
o._Iyear_1993		-	-	-	-	-	-	-	-	-	-	-	-	-	-	-	-
																	
o._Iyear_1994		-	-	-	-	-	-	-	-	-	-	-	-	-	-	-	-
																	
o._Iyear_1995		-	-	-	-	-	-	-	-	-	-	-	-	-	-	-	-
																	
o._Iyear_1996		-	-	-	-	-	-	-	-	-	-	-	-	-	-	-	-
																	
_Iyear_1983		-45.02		-41.84		-21.24		-16.04		4.42		2.22		-14.33		-15.53	
		(3.26)		(2.25)		(2.49)		(1.59)		(0.90)		(1.46)		(1.13)		(1.20)	
Constant	32.42	153.67	8,636.16	151.00	8,765.07	63.50	4,324.06	61.21	4,122.43	4.58	-568.69	5.98	-343.95	39.49	3,041.82	38.66	3,022.30
	(0.36)	(1.98)	(720.75)	(1.56)	(563.67)	(1.31)	(448.51)	(1.23)	(295.67)	(0.59)	(179.60)	(0.81)	(149.91)	(0.96)	(237.94)	(0.71)	(210.76)
																	
Observations	24,786	714	714	714	714	714	714	714	714	714	714	714	714	714	714	714	714
R-squared	0.016	0.821	0.848	0.818	0.859	0.798	0.836	0.800	0.845	0.608	0.637	0.593	0.689	0.622	0.681	0.708	0.781
Standard errors in parentheses																	
