# u	v
1	1
1	1
1	1
1	1
1	1
1	1
1	1
1	1
1	1
1	1
1	1
1	1
1	1
1	1
1	1
1	1
1	1
1	1
1	1
1	1
1	2
1	2
1	2
1	2
1	2
1	2
1	2
1	2
1	2
1	2
1	2
1	2
1	2
1	2
1	2
1	2
1	2
1	2
1	2
1	2
1	2
1	2
1	3
1	3
1	3
1	3
1	3
1	3
1	3
1	3
1	3
1	3
1	3
1	3
1	3
1	3
1	3
1	3
1	3
1	3
1	3
1	3
1	3
1	4
1	4
1	4
1	4
1	4
1	4
1	4
1	4
1	4
1	4
1	4
1	4
1	4
1	4
1	4
1	4
1	4
1	4
1	5
1	5
1	6
1	6
1	6
1	6
1	6
1	6
1	7
1	7
1	8
1	8
1	8
1	8
1	8
1	8
1	8
1	8
1	8
1	8
1	8
1	8
1	8
1	8
1	8
1	8
1	8
1	8
1	8
1	8
1	8
1	9
1	9
1	9
1	9
1	9
1	9
1	9
1	9
1	9
1	9
1	10
1	10
1	10
1	10
1	10
1	10
1	10
1	10
1	10
1	10
1	10
1	10
1	10
1	10
1	10
1	10
1	10
1	11
1	11
1	11
1	12
1	12
1	12
1	12
1	12
1	12
1	12
1	12
1	12
1	12
1	12
1	12
1	12
1	12
1	12
1	12
1	12
1	12
1	12
1	12
1	12
1	12
1	12
1	13
1	13
1	13
1	13
1	13
1	13
1	13
1	14
1	14
1	14
1	15
1	15
1	15
1	15
1	15
1	15
1	15
1	15
1	15
1	15
1	15
1	15
1	15
1	15
1	15
1	15
1	15
1	16
1	16
1	16
1	16
1	16
1	16
1	16
1	16
1	16
1	16
1	16
1	16
1	16
1	16
1	16
1	16
1	16
1	16
1	16
1	16
1	17
1	17
1	17
1	17
1	17
1	18
1	18
1	19
1	19
1	19
1	19
1	19
1	19
1	19
1	19
1	19
1	19
1	20
1	20
1	21
1	22
1	22
1	22
1	22
1	23
1	23
1	23
1	23
1	23
1	23
1	23
1	23
1	23
1	23
1	24
1	24
1	24
1	24
1	24
1	24
1	25
1	25
1	25
1	25
1	26
1	26
1	26
1	26
1	26
1	26
1	26
1	26
1	26
1	27
1	28
1	29
1	29
1	29
1	29
1	29
1	29
1	29
1	29
1	29
1	29
1	29
1	29
1	29
1	30
1	30
1	30
1	30
1	30
1	30
1	31
1	31
1	31
1	33
1	34
1	34
1	35
1	35
1	35
1	35
1	35
1	35
1	36
1	37
1	37
1	37
1	37
1	38
1	38
1	39
1	39
1	39
1	39
1	39
1	39
1	39
1	39
1	39
1	39
1	39
1	39
1	41
1	41
1	42
1	42
1	42
1	42
1	43
1	43
1	43
1	43
1	45
1	45
1	47
1	47
1	47
1	48
1	48
1	48
1	48
1	48
1	48
1	49
1	49
1	50
1	50
1	50
1	51
1	53
1	53
1	53
1	54
1	54
1	55
1	60
1	60
1	60
1	60
1	61
1	62
1	62
1	63
1	63
1	63
1	63
1	63
1	65
1	68
1	68
1	68
1	68
1	69
1	70
1	71
1	71
1	73
1	73
1	73
1	74
1	77
1	78
1	78
1	79
1	79
1	79
1	79
1	82
1	82
1	82
1	82
1	83
1	85
1	87
1	90
1	92
1	92
1	92
1	92
1	93
1	94
1	94
1	94
1	94
1	94
1	94
1	97
1	97
1	104
1	104
1	105
1	105
1	107
1	108
1	109
1	111
1	112
2	1
2	1
2	1
2	1
2	1
2	1
2	1
2	1
2	1
2	1
2	2
2	2
2	2
2	2
2	2
2	2
2	2
2	2
2	2
2	2
2	2
2	2
2	2
2	2
2	2
2	2
2	2
2	2
2	2
2	2
2	2
2	2
2	2
2	3
2	3
2	3
2	3
2	3
2	3
2	3
2	3
2	3
2	3
2	3
2	3
2	3
2	3
2	3
2	3
2	3
2	3
2	3
2	3
2	3
2	3
2	3
2	3
2	3
2	4
2	4
2	4
2	4
2	4
2	4
2	4
2	4
2	4
2	4
2	5
2	5
2	5
2	6
2	6
2	6
2	6
2	6
2	6
2	6
2	6
2	6
2	6
2	6
2	6
2	6
2	6
2	6
2	6
2	6
2	6
2	7
2	7
2	7
2	8
2	8
2	8
2	8
2	8
2	8
2	8
2	8
2	8
2	8
2	8
2	8
2	8
2	8
2	8
2	8
2	8
2	8
2	8
2	9
2	9
2	9
2	9
2	10
2	10
2	10
2	10
2	10
2	10
2	10
2	10
2	10
2	10
2	10
2	10
2	10
2	10
2	10
2	11
2	11
2	11
2	11
2	11
2	11
2	11
2	11
2	11
2	11
2	11
2	12
2	12
2	12
2	12
2	12
2	12
2	12
2	12
2	12
2	12
2	12
2	12
2	12
2	12
2	12
2	12
2	12
2	12
2	12
2	12
2	12
2	12
2	12
2	12
2	12
2	12
2	12
2	13
2	13
2	13
2	14
2	15
2	15
2	15
2	15
2	15
2	15
2	15
2	15
2	16
2	16
2	16
2	16
2	16
2	16
2	16
2	16
2	16
2	16
2	17
2	17
2	18
2	18
2	18
2	18
2	19
2	19
2	19
2	19
2	20
2	20
2	21
2	21
2	21
2	21
2	21
2	21
2	23
2	23
2	23
2	24
2	24
2	24
2	25
2	25
2	26
2	26
2	26
2	26
2	26
2	26
2	26
2	26
2	27
2	28
2	29
2	29
2	29
2	29
2	29
2	30
2	30
2	30
2	30
2	30
2	30
2	30
2	30
2	31
2	32
2	32
2	32
2	33
2	33
2	34
2	34
2	35
2	36
2	37
2	38
2	38
2	39
2	39
2	39
2	39
2	39
2	39
2	39
2	39
2	39
2	39
2	39
2	40
2	40
2	41
2	41
2	41
2	42
2	42
2	43
2	43
2	43
2	43
2	43
2	43
2	43
2	43
2	43
2	43
2	43
2	43
2	43
2	43
2	43
2	43
2	43
2	44
2	45
2	46
2	47
2	47
2	49
2	49
2	53
2	54
2	54
2	58
2	58
2	59
2	60
2	60
2	60
2	60
2	60
2	60
2	60
2	62
2	62
2	63
2	63
2	63
2	64
2	68
2	68
2	68
2	68
2	68
2	68
2	69
2	72
2	72
2	72
2	73
2	73
2	73
2	73
2	73
2	73
2	73
2	78
2	78
2	78
2	79
2	79
2	79
2	82
2	86
2	86
2	87
2	89
2	92
2	92
2	92
2	93
2	97
2	97
2	97
2	97
2	97
2	97
2	99
2	99
2	99
2	99
2	99
2	99
2	100
2	101
2	102
2	104
2	104
2	110
2	111
3	1
3	1
3	1
3	1
3	1
3	1
3	1
3	1
3	1
3	2
3	2
3	2
3	2
3	2
3	2
3	2
3	2
3	2
3	2
3	2
3	2
3	3
3	3
3	3
3	3
3	3
3	3
3	3
3	3
3	3
3	3
3	3
3	3
3	3
3	3
3	3
3	3
3	3
3	3
3	3
3	3
3	3
3	3
3	3
3	3
3	3
3	3
3	3
3	3
3	3
3	3
3	3
3	3
3	3
3	3
3	3
3	3
3	3
3	3
3	3
3	3
3	3
3	3
3	3
3	3
3	3
3	3
3	3
3	3
3	3
3	3
3	3
3	3
3	3
3	3
3	3
3	3
3	3
3	3
3	3
3	3
3	4
3	4
3	4
3	4
3	4
3	4
3	4
3	4
3	5
3	5
3	6
3	6
3	6
3	6
3	6
3	6
3	6
3	6
3	6
3	6
3	6
3	6
3	6
3	6
3	6
3	6
3	6
3	7
3	8
3	8
3	8
3	8
3	8
3	8
3	8
3	8
3	8
3	9
3	9
3	9
3	9
3	9
3	9
3	9
3	10
3	10
3	10
3	10
3	10
3	10
3	10
3	10
3	10
3	10
3	10
3	10
3	10
3	11
3	11
3	11
3	11
3	11
3	11
3	11
3	11
3	11
3	12
3	12
3	12
3	12
3	12
3	12
3	12
3	12
3	12
3	12
3	12
3	12
3	12
3	12
3	12
3	12
3	12
3	12
3	12
3	12
3	12
3	12
3	12
3	12
3	12
3	12
3	12
3	12
3	12
3	12
3	13
3	13
3	14
3	15
3	15
3	15
3	15
3	15
3	15
3	15
3	15
3	16
3	16
3	16
3	16
3	16
3	16
3	16
3	16
3	16
3	16
3	16
3	16
3	16
3	16
3	16
3	17
3	17
3	17
3	18
3	18
3	18
3	18
3	19
3	21
3	23
3	23
3	23
3	24
3	24
3	24
3	27
3	28
3	29
3	30
3	30
3	30
3	30
3	30
3	32
3	34
3	35
3	36
3	38
3	39
3	39
3	39
3	39
3	39
3	39
3	39
3	39
3	39
3	41
3	41
3	42
3	42
3	42
3	42
3	42
3	42
3	42
3	43
3	43
3	43
3	43
3	43
3	43
3	43
3	43
3	43
3	43
3	43
3	43
3	43
3	46
3	46
3	47
3	47
3	47
3	48
3	50
3	52
3	52
3	53
3	53
3	54
3	54
3	55
3	60
3	60
3	60
3	62
3	63
3	63
3	63
3	68
3	68
3	68
3	68
3	68
3	68
3	70
3	71
3	72
3	72
3	72
3	72
3	72
3	73
3	73
3	78
3	78
3	78
3	86
3	87
3	90
3	92
3	94
3	97
3	97
3	97
3	97
3	97
3	97
3	97
3	97
3	98
3	98
3	99
3	99
3	99
3	99
3	99
3	99
3	99
3	99
3	99
3	99
3	99
3	100
3	104
3	104
3	104
3	104
3	104
3	104
3	104
3	104
3	104
3	104
3	104
3	105
3	107
3	109
3	111
3	111
4	1
4	1
4	1
4	1
4	1
4	1
4	2
4	2
4	2
4	2
4	3
4	3
4	3
4	3
4	3
4	3
4	4
4	4
4	4
4	4
4	5
4	5
4	6
4	6
4	6
4	7
4	7
4	7
4	8
4	8
4	8
4	8
4	9
4	10
4	10
4	10
4	10
4	10
4	10
4	11
4	11
4	12
4	12
4	12
4	12
4	12
4	12
4	12
4	12
4	12
4	12
4	13
4	14
4	15
4	15
4	15
4	15
4	15
4	15
4	15
4	15
4	15
4	15
4	16
4	16
4	16
4	16
4	16
4	16
4	17
4	17
4	17
4	18
4	18
4	18
4	18
4	18
4	18
4	18
4	19
4	19
4	19
4	19
4	19
4	19
4	20
4	21
4	21
4	22
4	22
4	23
4	24
4	24
4	24
4	24
4	24
4	26
4	26
4	26
4	26
4	26
4	26
4	26
4	27
4	27
4	28
4	28
4	28
4	28
4	29
4	29
4	29
4	29
4	30
4	30
4	30
4	34
4	35
4	36
4	36
4	36
4	36
4	37
4	38
4	38
4	38
4	38
4	39
4	39
4	39
4	39
4	39
4	40
4	41
4	41
4	43
4	43
4	43
4	43
4	43
4	43
4	43
4	44
4	45
4	46
4	46
4	46
4	46
4	46
4	47
4	47
4	48
4	49
4	50
4	50
4	52
4	53
4	53
4	53
4	53
4	53
4	53
4	53
4	53
4	54
4	54
4	59
4	59
4	60
4	61
4	62
4	63
4	63
4	63
4	66
4	70
4	72
4	72
4	72
4	73
4	73
4	73
4	73
4	77
4	78
4	78
4	78
4	82
4	82
4	82
4	82
4	83
4	83
4	85
4	87
4	87
4	87
4	92
4	92
4	92
4	92
4	92
4	93
4	93
4	94
4	94
4	94
4	94
4	94
4	94
4	94
4	94
4	94
4	94
4	95
4	97
4	97
4	98
4	107
4	110
4	111
5	1
5	1
5	1
5	2
5	3
5	3
5	3
5	3
5	4
5	4
5	5
5	5
5	6
5	6
5	6
5	8
5	8
5	8
5	8
5	8
5	8
5	9
5	9
5	9
5	11
5	11
5	12
5	12
5	12
5	12
5	13
5	13
5	16
5	16
5	16
5	16
5	16
5	17
5	17
5	18
5	18
5	20
5	20
5	20
5	21
5	21
5	21
5	21
5	22
5	22
5	23
5	24
5	24
5	25
5	25
5	25
5	26
5	27
5	28
5	29
5	29
5	29
5	29
5	29
5	30
5	33
5	35
5	35
5	35
5	36
5	37
5	38
5	38
5	39
5	40
5	41
5	41
5	41
5	43
5	43
5	43
5	46
5	46
5	48
5	49
5	49
5	51
5	58
5	59
5	59
5	60
5	60
5	60
5	60
5	60
5	60
5	60
5	61
5	62
5	68
5	68
5	68
5	68
5	71
5	71
5	71
5	72
5	76
5	77
5	83
5	87
5	87
5	87
5	92
5	93
5	99
5	99
6	1
6	1
6	2
6	2
6	2
6	2
6	2
6	2
6	2
6	2
6	2
6	2
6	2
6	3
6	3
6	3
6	3
6	3
6	3
6	3
6	4
6	4
6	4
6	5
6	5
6	5
6	5
6	6
6	6
6	6
6	6
6	6
6	6
6	6
6	6
6	6
6	6
6	6
6	6
6	7
6	7
6	7
6	7
6	8
6	8
6	8
6	8
6	8
6	9
6	9
6	9
6	9
6	9
6	9
6	10
6	10
6	10
6	10
6	10
6	10
6	10
6	11
6	11
6	11
6	11
6	11
6	12
6	12
6	12
6	12
6	12
6	12
6	12
6	12
6	12
6	12
6	12
6	12
6	12
6	12
6	12
6	12
6	12
6	12
6	12
6	13
6	13
6	13
6	13
6	14
6	14
6	14
6	15
6	15
6	15
6	15
6	15
6	15
6	15
6	15
6	15
6	15
6	15
6	15
6	16
6	16
6	16
6	16
6	16
6	16
6	16
6	16
6	16
6	16
6	16
6	17
6	17
6	17
6	18
6	18
6	18
6	19
6	19
6	19
6	19
6	19
6	19
6	19
6	19
6	19
6	20
6	20
6	20
6	21
6	21
6	21
6	21
6	21
6	21
6	21
6	21
6	22
6	22
6	23
6	23
6	23
6	23
6	24
6	24
6	25
6	25
6	26
6	26
6	28
6	29
6	29
6	29
6	30
6	30
6	31
6	31
6	31
6	33
6	33
6	35
6	35
6	35
6	35
6	38
6	39
6	39
6	39
6	39
6	39
6	39
6	39
6	41
6	41
6	41
6	41
6	42
6	43
6	45
6	46
6	46
6	46
6	47
6	47
6	47
6	48
6	48
6	49
6	50
6	50
6	50
6	50
6	50
6	51
6	52
6	53
6	53
6	53
6	53
6	57
6	57
6	58
6	59
6	60
6	62
6	63
6	63
6	63
6	63
6	64
6	64
6	68
6	69
6	69
6	70
6	70
6	71
6	72
6	73
6	73
6	73
6	73
6	74
6	74
6	78
6	79
6	81
6	82
6	82
6	83
6	83
6	85
6	85
6	85
6	85
6	86
6	87
6	87
6	87
6	87
6	87
6	93
6	93
6	93
6	93
6	95
6	99
6	99
6	99
6	99
6	100
6	104
6	106
6	107
6	107
6	109
6	111
6	111
6	111
6	111
7	1
7	1
7	2
7	2
7	2
7	3
7	3
7	3
7	3
7	4
7	6
7	6
7	6
7	6
7	7
7	7
7	8
7	8
7	8
7	8
7	9
7	10
7	10
7	10
7	10
7	10
7	11
7	11
7	12
7	12
7	12
7	12
7	12
7	12
7	12
7	12
7	13
7	13
7	13
7	13
7	14
7	14
7	15
7	16
7	16
7	16
7	16
7	16
7	18
7	18
7	18
7	18
7	18
7	19
7	20
7	20
7	21
7	21
7	22
7	22
7	23
7	23
7	23
7	23
7	24
7	24
7	25
7	26
7	26
7	28
7	28
7	28
7	30
7	32
7	33
7	33
7	39
7	41
7	41
7	41
7	42
7	43
7	44
7	44
7	44
7	44
7	45
7	45
7	46
7	46
7	48
7	48
7	49
7	50
7	50
7	51
7	51
7	51
7	52
7	53
7	53
7	55
7	55
7	59
7	61
7	61
7	62
7	63
7	63
7	64
7	65
7	65
7	67
7	67
7	68
7	68
7	69
7	70
7	71
7	72
7	72
7	72
7	72
7	72
7	73
7	74
7	74
7	76
7	76
7	78
7	82
7	82
7	82
7	85
7	87
7	87
7	87
7	87
7	89
7	90
7	91
7	91
7	92
7	92
7	92
7	93
7	94
7	95
7	96
7	97
7	97
7	98
7	98
7	98
7	99
7	99
7	99
7	102
7	102
7	104
7	104
7	106
7	106
7	108
7	108
7	109
7	110
7	111
7	111
7	111
8	1
8	1
8	1
8	1
8	2
8	3
8	3
8	3
8	3
8	3
8	3
8	3
8	4
8	4
8	5
8	5
8	5
8	6
8	6
8	6
8	6
8	7
8	7
8	7
8	8
8	8
8	8
8	8
8	8
8	8
8	8
8	8
8	8
8	8
8	9
8	9
8	9
8	9
8	9
8	9
8	9
8	9
8	9
8	9
8	9
8	9
8	10
8	10
8	10
8	10
8	12
8	12
8	12
8	12
8	12
8	12
8	12
8	12
8	13
8	13
8	13
8	13
8	14
8	14
8	14
8	15
8	15
8	16
8	16
8	16
8	16
8	16
8	16
8	16
8	16
8	16
8	16
8	17
8	17
8	17
8	17
8	17
8	17
8	17
8	18
8	18
8	18
8	18
8	19
8	19
8	19
8	19
8	19
8	20
8	21
8	21
8	22
8	22
8	22
8	22
8	22
8	22
8	23
8	23
8	23
8	23
8	23
8	24
8	24
8	24
8	25
8	25
8	26
8	26
8	26
8	27
8	27
8	27
8	28
8	28
8	28
8	29
8	29
8	29
8	29
8	30
8	30
8	30
8	30
8	30
8	30
8	30
8	31
8	31
8	31
8	32
8	32
8	33
8	34
8	34
8	34
8	35
8	36
8	36
8	36
8	36
8	37
8	37
8	38
8	38
8	39
8	39
8	39
8	39
8	39
8	39
8	39
8	40
8	41
8	41
8	41
8	41
8	42
8	42
8	42
8	43
8	43
8	44
8	45
8	45
8	46
8	46
8	46
8	48
8	48
8	48
8	50
8	51
8	53
8	57
8	59
8	60
8	60
8	60
8	60
8	61
8	62
8	62
8	63
8	63
8	63
8	63
8	63
8	63
8	63
8	66
8	67
8	67
8	68
8	70
8	71
8	71
8	71
8	72
8	72
8	72
8	73
8	73
8	73
8	73
8	77
8	78
8	78
8	78
8	79
8	81
8	81
8	82
8	82
8	83
8	85
8	85
8	85
8	85
8	85
8	86
8	90
8	92
8	93
8	93
8	93
8	93
8	94
8	94
8	98
8	99
8	99
8	101
8	105
8	109
8	111
8	111
8	111
8	111
8	111
8	111
8	111
8	111
9	1
9	1
9	2
9	2
9	3
9	3
9	3
9	3
9	3
9	3
9	4
9	6
9	6
9	6
9	6
9	6
9	6
9	7
9	7
9	7
9	7
9	7
9	7
9	7
9	8
9	8
9	8
9	9
9	9
9	9
9	9
9	9
9	9
9	9
9	9
9	9
9	9
9	9
9	9
9	9
9	9
9	9
9	10
9	10
9	11
9	11
9	11
9	11
9	12
9	12
9	12
9	12
9	12
9	12
9	12
9	12
9	13
9	13
9	13
9	13
9	14
9	14
9	14
9	14
9	15
9	15
9	15
9	16
9	16
9	16
9	17
9	17
9	17
9	17
9	18
9	18
9	18
9	18
9	18
9	18
9	18
9	19
9	19
9	19
9	19
9	20
9	20
9	20
9	20
9	20
9	20
9	21
9	22
9	22
9	22
9	22
9	22
9	22
9	23
9	23
9	23
9	23
9	23
9	23
9	23
9	24
9	24
9	25
9	25
9	25
9	25
9	26
9	26
9	26
9	26
9	26
9	26
9	27
9	27
9	27
9	27
9	27
9	27
9	29
9	29
9	29
9	29
9	30
9	30
9	30
9	30
9	30
9	30
9	31
9	31
9	31
9	31
9	31
9	31
9	31
9	31
9	32
9	32
9	32
9	32
9	32
9	32
9	33
9	34
9	35
9	35
9	36
9	38
9	38
9	38
9	38
9	38
9	38
9	38
9	39
9	39
9	39
9	39
9	39
9	39
9	41
9	41
9	42
9	42
9	42
9	42
9	42
9	43
9	43
9	43
9	43
9	43
9	43
9	44
9	44
9	44
9	46
9	46
9	46
9	47
9	47
9	47
9	47
9	47
9	49
9	49
9	50
9	51
9	51
9	51
9	52
9	52
9	53
9	53
9	53
9	55
9	55
9	55
9	60
9	60
9	60
9	60
9	61
9	61
9	61
9	62
9	62
9	62
9	62
9	62
9	62
9	64
9	65
9	66
9	66
9	66
9	67
9	68
9	69
9	70
9	70
9	70
9	70
9	70
9	71
9	71
9	72
9	72
9	73
9	73
9	73
9	73
9	73
9	74
9	76
9	76
9	77
9	78
9	78
9	79
9	79
9	81
9	82
9	82
9	83
9	83
9	84
9	85
9	85
9	86
9	87
9	87
9	88
9	90
9	91
9	92
9	92
9	92
9	92
9	93
9	94
9	96
9	97
9	97
9	97
9	99
9	99
9	99
9	101
9	102
9	102
9	102
9	106
9	106
9	108
9	110
9	111
10	1
10	2
10	2
10	3
10	3
10	3
10	3
10	3
10	3
10	4
10	4
10	5
10	6
10	6
10	7
10	8
10	8
10	8
10	8
10	8
10	8
10	8
10	9
10	9
10	9
10	10
10	10
10	10
10	10
10	10
10	10
10	10
10	10
10	10
10	11
10	11
10	12
10	12
10	12
10	12
10	12
10	12
10	12
10	12
10	13
10	13
10	15
10	15
10	15
10	16
10	16
10	16
10	16
10	16
10	16
10	16
10	16
10	16
10	16
10	16
10	16
10	17
10	17
10	17
10	17
10	18
10	18
10	19
10	19
10	19
10	19
10	20
10	20
10	20
10	21
10	21
10	22
10	24
10	24
10	25
10	26
10	27
10	28
10	28
10	29
10	29
10	29
10	30
10	30
10	30
10	31
10	33
10	34
10	34
10	39
10	39
10	39
10	39
10	40
10	40
10	41
10	41
10	42
10	43
10	46
10	47
10	58
10	58
10	59
10	59
10	60
10	60
10	60
10	61
10	63
10	63
10	63
10	63
10	63
10	63
10	63
10	63
10	68
10	68
10	68
10	68
10	70
10	71
10	72
10	72
10	73
10	73
10	74
10	78
10	78
10	78
10	78
10	78
10	78
10	78
10	78
10	78
10	78
10	78
10	78
10	78
10	78
10	82
10	82
10	82
10	82
10	83
10	83
10	85
10	88
10	93
10	93
10	93
10	93
10	93
10	93
10	93
10	94
10	94
10	94
10	96
10	97
10	97
10	99
10	99
10	99
10	99
10	104
10	104
10	104
10	109
10	109
10	109
10	109
10	109
10	109
10	109
10	109
10	109
10	112
11	1
11	1
11	1
11	1
11	1
11	1
11	2
11	2
11	3
11	3
11	3
11	4
11	4
11	4
11	6
11	6
11	6
11	6
11	6
11	6
11	6
11	7
11	7
11	8
11	8
11	9
11	9
11	9
11	10
11	10
11	10
11	11
11	11
11	11
11	11
11	11
11	11
11	11
11	11
11	11
11	11
11	12
11	12
11	12
11	12
11	13
11	14
11	15
11	15
11	16
11	16
11	17
11	19
11	19
11	20
11	20
11	21
11	23
11	24
11	24
11	24
11	25
11	25
11	25
11	27
11	27
11	27
11	28
11	30
11	30
11	31
11	32
11	32
11	34
11	34
11	34
11	35
11	35
11	36
11	39
11	39
11	39
11	39
11	42
11	42
11	43
11	43
11	45
11	47
11	48
11	49
11	53
11	54
11	54
11	58
11	58
11	59
11	63
11	63
11	63
11	68
11	68
11	68
11	71
11	72
11	73
11	81
11	83
11	87
11	92
11	93
11	99
11	99
11	99
11	99
11	104
11	109
11	109
11	111
11	111
11	112
12	1
12	1
12	2
12	2
12	2
12	2
12	2
12	2
12	3
12	3
12	3
12	3
12	3
12	3
12	4
12	4
12	4
12	5
12	5
12	6
12	6
12	6
12	6
12	7
12	7
12	7
12	7
12	8
12	8
12	8
12	8
12	8
12	8
12	8
12	8
12	9
12	9
12	9
12	9
12	9
12	9
12	9
12	9
12	9
12	9
12	9
12	10
12	10
12	10
12	10
12	10
12	10
12	11
12	12
12	12
12	12
12	12
12	12
12	12
12	12
12	12
12	13
12	13
12	13
12	13
12	14
12	14
12	14
12	14
12	14
12	14
12	15
12	15
12	16
12	16
12	16
12	16
12	16
12	16
12	16
12	16
12	16
12	16
12	16
12	16
12	17
12	17
12	17
12	17
12	17
12	17
12	17
12	17
12	18
12	19
12	19
12	19
12	19
12	19
12	20
12	20
12	20
12	20
12	21
12	21
12	21
12	21
12	22
12	22
12	22
12	23
12	23
12	23
12	23
12	23
12	23
12	23
12	23
12	23
12	23
12	23
12	24
12	24
12	24
12	25
12	25
12	25
12	26
12	27
12	27
12	27
12	27
12	27
12	27
12	28
12	28
12	29
12	30
12	30
12	30
12	30
12	30
12	30
12	30
12	30
12	31
12	32
12	33
12	33
12	34
12	34
12	35
12	36
12	37
12	39
12	39
12	39
12	39
12	40
12	41
12	41
12	41
12	41
12	42
12	42
12	43
12	43
12	44
12	46
12	46
12	46
12	46
12	46
12	46
12	47
12	47
12	47
12	47
12	47
12	48
12	48
12	48
12	49
12	49
12	49
12	50
12	50
12	52
12	53
12	53
12	53
12	54
12	54
12	54
12	54
12	55
12	56
12	56
12	57
12	59
12	60
12	60
12	62
12	62
12	63
12	63
12	63
12	63
12	63
12	64
12	64
12	64
12	65
12	65
12	65
12	65
12	68
12	70
12	71
12	71
12	71
12	72
12	72
12	72
12	72
12	72
12	72
12	72
12	72
12	72
12	72
12	72
12	72
12	73
12	74
12	74
12	74
12	75
12	76
12	78
12	78
12	79
12	79
12	79
12	82
12	82
12	82
12	83
12	83
12	83
12	83
12	83
12	83
12	83
12	83
12	84
12	84
12	85
12	85
12	87
12	92
12	92
12	92
12	92
12	92
12	93
12	93
12	93
12	93
12	94
12	97
12	97
12	97
12	97
12	102
12	104
12	106
12	109
12	110
13	1
13	1
13	1
13	3
13	3
13	3
13	3
13	5
13	6
13	7
13	7
13	8
13	8
13	9
13	9
13	9
13	9
13	9
13	9
13	10
13	10
13	10
13	10
13	10
13	11
13	11
13	11
13	11
13	11
13	12
13	12
13	12
13	12
13	12
13	13
13	13
13	13
13	15
13	16
13	16
13	16
13	16
13	17
13	17
13	17
13	18
13	19
13	19
13	19
13	19
13	20
13	20
13	20
13	20
13	20
13	20
13	21
13	23
13	23
13	23
13	24
13	24
13	25
13	25
13	26
13	26
13	26
13	26
13	26
13	26
13	26
13	26
13	27
13	27
13	27
13	28
13	28
13	29
13	30
13	30
13	30
13	30
13	31
13	32
13	32
13	33
13	33
13	34
13	34
13	35
13	35
13	36
13	36
13	36
13	38
13	39
13	39
13	39
13	41
13	41
13	41
13	41
13	42
13	43
13	49
13	50
13	50
13	51
13	51
13	53
13	53
13	54
13	54
13	55
13	58
13	59
13	59
13	59
13	60
13	60
13	62
13	63
13	63
13	66
13	70
13	72
13	77
13	77
13	78
13	78
13	78
13	79
13	79
13	85
13	87
13	87
13	87
13	87
13	89
13	90
13	91
13	92
13	92
13	92
13	93
13	94
13	95
13	98
13	99
14	1
14	2
14	2
14	4
14	4
14	4
14	4
14	4
14	6
14	8
14	8
14	9
14	11
14	12
14	12
14	13
14	13
14	13
14	13
14	13
14	14
14	14
14	14
14	14
14	14
14	14
14	14
14	15
14	15
14	16
14	17
14	17
14	17
14	17
14	17
14	17
14	17
14	18
14	20
14	21
14	21
14	21
14	21
14	21
14	22
14	22
14	22
14	22
14	22
14	22
14	23
14	25
14	25
14	25
14	26
14	27
14	28
14	30
14	30
14	30
14	30
14	31
14	32
14	32
14	32
14	32
14	32
14	35
14	36
14	38
14	39
14	39
14	39
14	40
14	41
14	41
14	44
14	44
14	45
14	47
14	49
14	49
14	50
14	50
14	51
14	51
14	51
14	52
14	54
14	54
14	54
14	54
14	54
14	54
14	55
14	55
14	55
14	57
14	59
14	59
14	61
14	61
14	61
14	63
14	63
14	63
14	64
14	64
14	66
14	68
14	69
14	69
14	69
14	69
14	69
14	69
14	72
14	72
14	72
14	72
14	73
14	75
14	75
14	75
14	77
14	77
14	78
14	85
14	85
14	85
14	86
14	87
14	92
14	92
14	95
14	97
14	99
14	99
14	99
14	99
14	99
14	99
14	100
14	104
14	104
14	106
14	108
14	111
14	111
14	111
14	111
14	111
15	1
15	1
15	1
15	1
15	1
15	3
15	3
15	3
15	3
15	4
15	5
15	6
15	6
15	6
15	6
15	7
15	7
15	9
15	9
15	10
15	11
15	12
15	12
15	13
15	13
15	13
15	14
15	15
15	15
15	15
15	15
15	15
15	16
15	16
15	18
15	19
15	20
15	20
15	21
15	21
15	22
15	24
15	24
15	26
15	26
15	26
15	28
15	28
15	29
15	29
15	29
15	29
15	30
15	30
15	31
15	31
15	33
15	33
15	35
15	35
15	35
15	35
15	36
15	37
15	38
15	39
15	39
15	39
15	39
15	39
15	39
15	39
15	39
15	39
15	39
15	39
15	39
15	39
15	39
15	40
15	41
15	42
15	43
15	43
15	43
15	46
15	49
15	49
15	51
15	52
15	53
15	53
15	53
15	53
15	54
15	54
15	55
15	55
15	56
15	56
15	58
15	58
15	59
15	60
15	61
15	62
15	63
15	63
15	63
15	65
15	66
15	68
15	71
15	73
15	75
15	79
15	86
15	86
15	86
15	86
15	87
15	88
15	92
15	94
15	94
15	94
15	94
15	95
15	100
15	104
15	104
15	104
15	104
15	105
15	105
15	105
15	109
15	111
16	1
16	2
16	2
16	3
16	3
16	3
16	3
16	4
16	5
16	5
16	6
16	6
16	7
16	7
16	7
16	8
16	9
16	9
16	9
16	10
16	10
16	10
16	10
16	10
16	10
16	10
16	11
16	11
16	11
16	12
16	12
16	13
16	16
16	16
16	16
16	16
16	16
16	16
16	16
16	16
16	16
16	17
16	17
16	17
16	17
16	17
16	17
16	18
16	18
16	19
16	19
16	19
16	19
16	21
16	21
16	22
16	23
16	23
16	23
16	23
16	24
16	25
16	25
16	25
16	25
16	25
16	26
16	26
16	26
16	26
16	26
16	28
16	28
16	29
16	29
16	30
16	30
16	30
16	32
16	33
16	34
16	34
16	35
16	35
16	36
16	36
16	36
16	36
16	37
16	38
16	39
16	39
16	39
16	41
16	42
16	43
16	43
16	43
16	44
16	45
16	46
16	46
16	46
16	46
16	47
16	49
16	51
16	51
16	52
16	53
16	53
16	53
16	54
16	55
16	59
16	59
16	60
16	60
16	61
16	62
16	63
16	63
16	63
16	63
16	63
16	63
16	63
16	63
16	63
16	63
16	68
16	70
16	71
16	71
16	72
16	72
16	72
16	73
16	73
16	73
16	78
16	78
16	78
16	78
16	78
16	78
16	78
16	78
16	78
16	78
16	78
16	78
16	78
16	78
16	79
16	79
16	82
16	82
16	82
16	83
16	83
16	87
16	87
16	87
16	88
16	90
16	93
16	93
16	93
16	93
16	93
16	93
16	93
16	93
16	93
16	93
16	93
16	93
16	94
16	94
16	95
16	96
16	97
16	97
16	100
16	102
16	102
16	104
16	104
16	104
16	104
16	105
16	105
16	106
16	109
16	109
16	109
16	109
16	109
16	109
16	109
16	109
16	109
16	109
16	112
16	112
16	112
16	112
16	112
16	112
16	112
16	112
16	112
16	112
16	112
17	1
17	4
17	8
17	11
17	12
17	12
17	12
17	13
17	13
17	13
17	13
17	13
17	14
17	14
17	14
17	16
17	17
17	17
17	17
17	17
17	17
17	18
17	18
17	18
17	19
17	19
17	20
17	20
17	20
17	21
17	21
17	21
17	21
17	21
17	21
17	21
17	22
17	22
17	22
17	22
17	22
17	23
17	24
17	24
17	24
17	24
17	25
17	26
17	26
17	26
17	26
17	26
17	26
17	27
17	27
17	27
17	27
17	28
17	28
17	29
17	30
17	30
17	31
17	32
17	32
17	32
17	32
17	32
17	32
17	32
17	32
17	33
17	34
17	34
17	34
17	35
17	36
17	36
17	36
17	36
17	37
17	38
17	38
17	39
17	40
17	40
17	40
17	41
17	42
17	42
17	45
17	45
17	45
17	45
17	45
17	46
17	46
17	48
17	49
17	49
17	49
17	49
17	51
17	53
17	53
17	53
17	54
17	54
17	54
17	54
17	54
17	59
17	59
17	59
17	60
17	61
17	61
17	62
17	62
17	62
17	62
17	63
17	63
17	63
17	64
17	66
17	66
17	70
17	71
17	71
17	71
17	72
17	73
17	73
17	75
17	76
17	76
17	77
17	77
17	77
17	78
17	78
17	79
17	83
17	83
17	83
17	85
17	86
17	87
17	90
17	90
17	91
17	91
17	92
17	92
17	92
17	92
17	92
17	93
17	97
17	97
17	98
17	99
17	102
17	105
17	106
17	108
17	110
17	111
18	6
18	7
18	7
18	7
18	7
18	8
18	8
18	9
18	12
18	12
18	14
18	14
18	14
18	17
18	17
18	17
18	17
18	17
18	17
18	17
18	18
18	18
18	18
18	18
18	18
18	19
18	19
18	20
18	21
18	21
18	22
18	24
18	24
18	25
18	25
18	25
18	26
18	26
18	26
18	27
18	28
18	28
18	28
18	29
18	29
18	29
18	29
18	30
18	31
18	32
18	32
18	32
18	33
18	33
18	33
18	33
18	34
18	34
18	34
18	34
18	35
18	36
18	36
18	36
18	36
18	37
18	39
18	39
18	40
18	40
18	40
18	43
18	44
18	44
18	44
18	44
18	45
18	46
18	46
18	49
18	49
18	49
18	49
18	49
18	50
18	51
18	51
18	53
18	53
18	53
18	53
18	53
18	53
18	53
18	53
18	53
18	53
18	53
18	53
18	54
18	54
18	54
18	55
18	55
18	56
18	56
18	56
18	56
18	56
18	56
18	57
18	57
18	57
18	59
18	61
18	61
18	62
18	62
18	62
18	63
18	63
18	64
18	64
18	64
18	64
18	64
18	64
18	65
18	65
18	65
18	65
18	66
18	67
18	67
18	67
18	69
18	69
18	70
18	70
18	72
18	72
18	73
18	73
18	74
18	74
18	75
18	76
18	77
18	78
18	79
18	80
18	81
18	81
18	82
18	83
18	83
18	84
18	85
18	85
18	85
18	85
18	85
18	85
18	85
18	85
18	85
18	85
18	87
18	87
18	87
18	88
18	88
18	88
18	88
18	88
18	93
18	94
18	94
18	94
18	94
18	95
18	95
18	98
18	98
18	98
18	98
18	98
18	98
18	99
18	99
18	99
18	99
18	99
18	106
18	108
18	110
18	110
18	110
18	110
18	111
18	111
18	111
18	111
18	111
18	111
18	111
18	111
18	111
19	1
19	1
19	1
19	1
19	3
19	3
19	3
19	5
19	6
19	6
19	6
19	7
19	8
19	8
19	8
19	8
19	9
19	10
19	11
19	12
19	12
19	12
19	12
19	14
19	15
19	15
19	16
19	16
19	18
19	19
19	19
19	19
19	19
19	19
19	19
19	23
19	23
19	24
19	24
19	24
19	24
19	25
19	26
19	26
19	26
19	26
19	26
19	28
19	29
19	29
19	29
19	30
19	31
19	32
19	33
19	33
19	38
19	39
19	39
19	39
19	41
19	41
19	42
19	44
19	46
19	50
19	50
19	50
19	51
19	52
19	53
19	54
19	54
19	54
19	55
19	55
19	56
19	58
19	59
19	59
19	62
19	65
19	65
19	66
19	66
19	68
19	69
19	70
19	70
19	70
19	70
19	72
19	73
19	73
19	74
19	78
19	78
19	79
19	82
19	82
19	82
19	82
19	82
19	82
19	83
19	83
19	86
19	87
19	87
19	88
19	104
19	107
19	107
19	112
20	3
20	3
20	3
20	5
20	6
20	8
20	9
20	10
20	12
20	13
20	13
20	14
20	15
20	15
20	17
20	17
20	18
20	18
20	18
20	20
20	20
20	20
20	20
20	20
20	20
20	20
20	20
20	20
20	21
20	22
20	22
20	22
20	25
20	26
20	26
20	27
20	28
20	28
20	28
20	29
20	30
20	30
20	30
20	30
20	30
20	31
20	31
20	31
20	31
20	32
20	32
20	32
20	32
20	32
20	34
20	35
20	36
20	36
20	36
20	36
20	37
20	38
20	38
20	39
20	39
20	40
20	40
20	40
20	40
20	40
20	40
20	40
20	41
20	41
20	41
20	41
20	42
20	43
20	45
20	45
20	46
20	49
20	50
20	50
20	51
20	51
20	53
20	53
20	53
20	53
20	53
20	54
20	54
20	54
20	55
20	55
20	55
20	56
20	59
20	61
20	63
20	63
20	63
20	64
20	64
20	65
20	65
20	65
20	67
20	69
20	69
20	69
20	72
20	72
20	74
20	74
20	74
20	75
20	75
20	75
20	75
20	77
20	77
20	78
20	78
20	78
20	79
20	79
20	79
20	81
20	81
20	84
20	85
20	85
20	86
20	86
20	86
20	86
20	88
20	89
20	89
20	90
20	92
20	94
20	94
20	94
20	95
20	96
20	98
20	99
20	102
20	102
20	102
20	102
20	102
20	102
20	104
20	105
20	105
20	107
20	109
20	110
20	111
20	111
20	112
21	1
21	1
21	2
21	7
21	7
21	8
21	8
21	8
21	9
21	13
21	14
21	14
21	16
21	17
21	17
21	17
21	17
21	17
21	18
21	18
21	18
21	18
21	20
21	21
21	21
21	21
21	21
21	21
21	21
21	21
21	21
21	22
21	23
21	23
21	25
21	26
21	27
21	27
21	28
21	29
21	29
21	29
21	30
21	30
21	31
21	31
21	31
21	31
21	32
21	32
21	32
21	32
21	32
21	32
21	33
21	33
21	33
21	33
21	34
21	34
21	36
21	36
21	36
21	38
21	39
21	39
21	39
21	39
21	41
21	41
21	43
21	44
21	46
21	48
21	49
21	49
21	49
21	50
21	50
21	51
21	51
21	52
21	53
21	53
21	53
21	53
21	54
21	54
21	56
21	58
21	59
21	59
21	60
21	61
21	61
21	62
21	63
21	63
21	63
21	63
21	63
21	65
21	67
21	67
21	67
21	67
21	67
21	69
21	69
21	69
21	69
21	71
21	71
21	71
21	71
21	72
21	72
21	72
21	73
21	73
21	74
21	74
21	74
21	75
21	75
21	75
21	76
21	76
21	77
21	77
21	77
21	79
21	80
21	80
21	81
21	82
21	82
21	82
21	82
21	83
21	84
21	84
21	84
21	85
21	85
21	85
21	85
21	86
21	86
21	87
21	88
21	90
21	92
21	92
21	94
21	94
21	96
21	97
21	97
21	97
21	98
21	98
21	98
21	98
21	98
21	100
21	100
21	101
21	104
21	104
21	106
21	107
21	107
21	107
21	108
21	109
21	110
21	111
21	111
22	1
22	2
22	12
22	14
22	14
22	14
22	16
22	17
22	17
22	17
22	17
22	18
22	19
22	20
22	20
22	20
22	21
22	22
22	22
22	22
22	22
22	22
22	22
22	22
22	22
22	22
22	23
22	24
22	25
22	26
22	26
22	27
22	28
22	28
22	29
22	31
22	31
22	32
22	33
22	36
22	36
22	36
22	37
22	37
22	39
22	39
22	39
22	40
22	40
22	44
22	44
22	45
22	45
22	46
22	50
22	54
22	55
22	56
22	57
22	57
22	57
22	57
22	62
22	65
22	66
22	66
22	67
22	69
22	69
22	69
22	69
22	72
22	75
22	75
22	75
22	75
22	77
22	77
22	77
22	77
22	77
22	77
22	78
22	81
22	81
22	81
22	81
22	83
22	85
22	85
22	85
22	86
22	86
22	87
22	94
22	98
22	98
22	98
22	99
22	102
22	108
22	110
22	110
22	111
23	1
23	2
23	4
23	5
23	5
23	6
23	8
23	9
23	9
23	9
23	10
23	12
23	13
23	14
23	14
23	17
23	19
23	19
23	21
23	21
23	23
23	23
23	23
23	23
23	23
23	23
23	23
23	23
23	23
23	23
23	23
23	24
23	24
23	24
23	25
23	27
23	28
23	28
23	29
23	30
23	31
23	31
23	31
23	32
23	33
23	33
23	34
23	36
23	36
23	37
23	37
23	38
23	41
23	41
23	42
23	42
23	42
23	44
23	44
23	44
23	45
23	45
23	45
23	45
23	45
23	46
23	46
23	46
23	47
23	48
23	48
23	49
23	49
23	49
23	49
23	50
23	50
23	53
23	53
23	53
23	54
23	54
23	55
23	55
23	55
23	55
23	56
23	58
23	59
23	60
23	61
23	61
23	62
23	64
23	66
23	67
23	67
23	67
23	67
23	67
23	68
23	69
23	70
23	70
23	71
23	71
23	71
23	72
23	73
23	73
23	74
23	74
23	74
23	75
23	75
23	75
23	75
23	78
23	78
23	78
23	79
23	82
23	82
23	82
23	83
23	85
23	86
23	86
23	86
23	86
23	86
23	86
23	86
23	86
23	90
23	90
23	93
23	93
23	94
23	97
23	97
23	97
23	98
23	99
23	99
23	99
23	102
23	102
23	102
23	102
23	104
23	105
23	107
23	107
23	107
23	107
23	107
23	107
23	107
23	107
23	107
23	110
23	110
23	110
23	111
24	8
24	20
24	22
24	22
24	22
24	22
24	25
24	27
24	28
24	30
24	30
24	31
24	34
24	34
24	35
24	36
24	36
24	37
24	37
24	39
24	40
24	40
24	41
24	41
24	42
24	42
24	44
24	47
24	49
24	51
24	54
24	54
24	54
24	57
24	59
24	59
24	61
24	62
24	64
24	65
24	66
24	66
24	67
24	67
24	73
24	73
24	74
24	77
24	78
24	78
24	82
24	82
24	83
24	85
24	87
24	88
24	88
24	91
24	93
24	94
24	95
24	95
24	98
24	98
24	105
24	112
25	4
25	7
25	10
25	12
25	13
25	13
25	16
25	16
25	18
25	18
25	20
25	20
25	20
25	22
25	22
25	25
25	25
25	25
25	26
25	26
25	27
25	28
25	28
25	29
25	30
25	31
25	31
25	32
25	32
25	33
25	33
25	36
25	36
25	36
25	38
25	38
25	39
25	40
25	40
25	41
25	43
25	45
25	46
25	46
25	47
25	47
25	48
25	49
25	49
25	51
25	51
25	54
25	54
25	55
25	55
25	55
25	55
25	55
25	55
25	55
25	55
25	56
25	56
25	57
25	57
25	57
25	58
25	59
25	59
25	61
25	61
25	61
25	63
25	65
25	65
25	65
25	67
25	67
25	67
25	69
25	69
25	69
25	69
25	69
25	74
25	74
25	76
25	80
25	80
25	81
25	82
25	83
25	85
25	85
25	86
25	86
25	86
25	87
25	87
25	87
25	90
25	92
25	92
25	93
25	94
25	95
25	96
25	97
25	98
25	98
25	103
25	105
25	106
25	108
25	110
25	110
25	111
26	1
26	8
26	9
26	12
26	12
26	12
26	14
26	15
26	17
26	17
26	18
26	18
26	18
26	18
26	18
26	19
26	19
26	21
26	23
26	23
26	24
26	25
26	25
26	26
26	26
26	26
26	26
26	26
26	26
26	26
26	26
26	26
26	26
26	27
26	27
26	27
26	27
26	28
26	29
26	29
26	30
26	31
26	31
26	31
26	31
26	31
26	32
26	33
26	33
26	33
26	33
26	33
26	34
26	35
26	36
26	36
26	36
26	36
26	38
26	39
26	39
26	40
26	41
26	41
26	41
26	41
26	41
26	41
26	41
26	41
26	41
26	42
26	43
26	45
26	45
26	46
26	46
26	47
26	49
26	49
26	49
26	49
26	49
26	53
26	53
26	53
26	53
26	53
26	53
26	54
26	54
26	54
26	54
26	54
26	54
26	55
26	56
26	57
26	58
26	58
26	58
26	59
26	59
26	62
26	62
26	62
26	62
26	62
26	62
26	62
26	62
26	62
26	63
26	64
26	64
26	65
26	65
26	65
26	68
26	68
26	68
26	69
26	69
26	69
26	70
26	70
26	70
26	70
26	70
26	71
26	71
26	71
26	71
26	71
26	71
26	72
26	73
26	73
26	73
26	74
26	74
26	74
26	75
26	75
26	76
26	77
26	77
26	77
26	78
26	78
26	78
26	79
26	79
26	80
26	80
26	81
26	81
26	83
26	83
26	83
26	83
26	83
26	83
26	85
26	85
26	86
26	87
26	87
26	87
26	90
26	90
26	91
26	92
26	92
26	92
26	92
26	92
26	92
26	93
26	94
26	94
26	94
26	94
26	98
26	99
26	99
26	99
26	100
26	102
26	102
26	102
26	102
26	102
26	103
26	104
26	104
26	104
26	105
26	105
26	106
26	107
26	107
26	110
26	110
26	110
26	110
26	110
26	110
26	111
26	111
27	3
27	3
27	6
27	8
27	13
27	16
27	16
27	16
27	16
27	19
27	20
27	23
27	25
27	25
27	27
27	27
27	28
27	30
27	30
27	31
27	31
27	31
27	31
27	31
27	32
27	33
27	33
27	33
27	33
27	36
27	39
27	39
27	39
27	39
27	40
27	41
27	43
27	44
27	46
27	46
27	47
27	47
27	47
27	52
27	53
27	54
27	54
27	55
27	55
27	55
27	57
27	59
27	59
27	60
27	61
27	64
27	66
27	66
27	69
27	70
27	74
27	74
27	74
27	76
27	77
27	78
27	78
27	79
27	81
27	81
27	81
27	82
27	82
27	83
27	83
27	86
27	87
27	88
27	89
27	90
27	91
27	97
27	97
27	98
27	98
27	99
27	104
27	105
27	111
27	111
27	112
28	2
28	4
28	6
28	7
28	8
28	9
28	9
28	12
28	13
28	18
28	18
28	20
28	21
28	21
28	21
28	23
28	23
28	23
28	25
28	26
28	26
28	26
28	26
28	27
28	27
28	28
28	28
28	28
28	28
28	28
28	31
28	31
28	32
28	32
28	32
28	34
28	34
28	34
28	36
28	40
28	40
28	42
28	43
28	43
28	43
28	44
28	44
28	44
28	44
28	44
28	44
28	45
28	45
28	45
28	45
28	47
28	49
28	49
28	51
28	51
28	53
28	53
28	53
28	55
28	55
28	56
28	56
28	57
28	57
28	57
28	57
28	59
28	59
28	59
28	59
28	60
28	61
28	62
28	62
28	62
28	62
28	63
28	64
28	64
28	66
28	66
28	68
28	68
28	69
28	69
28	69
28	69
28	71
28	71
28	72
28	72
28	72
28	73
28	73
28	74
28	74
28	74
28	76
28	77
28	78
28	81
28	82
28	83
28	83
28	83
28	83
28	83
28	83
28	84
28	84
28	85
28	85
28	85
28	86
28	87
28	87
28	87
28	87
28	89
28	90
28	90
28	90
28	92
28	92
28	93
28	96
28	97
28	97
28	97
28	98
28	98
28	99
28	100
28	102
28	104
28	104
28	106
28	106
28	108
28	112
29	2
29	4
29	6
29	10
29	10
29	13
29	15
29	16
29	16
29	18
29	20
29	23
29	26
29	26
29	28
29	28
29	29
29	29
29	29
29	31
29	32
29	32
29	33
29	33
29	34
29	34
29	34
29	34
29	34
29	36
29	36
29	38
29	38
29	38
29	39
29	39
29	39
29	40
29	41
29	42
29	42
29	43
29	46
29	48
29	49
29	49
29	51
29	51
29	52
29	53
29	55
29	55
29	59
29	60
29	64
29	72
29	74
29	78
29	82
29	84
29	86
29	87
29	90
29	92
29	92
29	92
29	92
29	92
29	92
29	92
29	92
29	93
29	94
29	94
29	94
29	95
29	98
29	106
29	106
29	108
29	108
29	111
30	6
30	8
30	8
30	9
30	11
30	12
30	14
30	15
30	17
30	17
30	17
30	21
30	22
30	23
30	23
30	25
30	26
30	27
30	27
30	28
30	29
30	30
30	30
30	30
30	31
30	32
30	32
30	32
30	34
30	36
30	36
30	36
30	37
30	37
30	39
30	42
30	44
30	44
30	45
30	48
30	49
30	51
30	53
30	54
30	55
30	56
30	59
30	59
30	59
30	61
30	62
30	63
30	64
30	66
30	66
30	66
30	68
30	69
30	70
30	71
30	72
30	72
30	73
30	73
30	73
30	75
30	77
30	78
30	78
30	78
30	79
30	82
30	82
30	82
30	83
30	83
30	85
30	86
30	86
30	86
30	86
30	87
30	87
30	87
30	90
30	90
30	93
30	93
30	94
30	97
30	97
30	99
30	99
30	99
30	100
30	100
30	100
30	105
30	106
30	107
31	6
31	8
31	12
31	14
31	15
31	16
31	17
31	18
31	21
31	23
31	23
31	24
31	25
31	25
31	26
31	26
31	26
31	27
31	29
31	29
31	29
31	29
31	30
31	31
31	31
31	31
31	31
31	31
31	31
31	31
31	31
31	31
31	31
31	31
31	31
31	31
31	32
31	32
31	32
31	32
31	32
31	34
31	34
31	36
31	39
31	40
31	40
31	42
31	43
31	45
31	45
31	45
31	45
31	46
31	46
31	49
31	50
31	50
31	51
31	51
31	53
31	53
31	53
31	53
31	55
31	55
31	55
31	55
31	56
31	56
31	57
31	57
31	57
31	58
31	60
31	61
31	61
31	61
31	61
31	61
31	61
31	61
31	61
31	62
31	62
31	63
31	63
31	64
31	64
31	64
31	65
31	66
31	66
31	66
31	66
31	67
31	67
31	67
31	69
31	69
31	69
31	69
31	70
31	71
31	72
31	73
31	74
31	74
31	74
31	75
31	76
31	76
31	77
31	77
31	77
31	78
31	79
31	80
31	82
31	83
31	85
31	85
31	85
31	85
31	86
31	86
31	87
31	88
31	88
31	88
31	90
31	92
31	92
31	92
31	92
31	92
31	92
31	92
31	93
31	94
31	97
31	98
31	98
31	98
31	98
31	98
31	99
31	99
31	99
31	99
31	99
31	99
31	99
31	99
31	99
31	100
31	101
31	102
31	103
31	104
31	104
31	104
31	104
31	105
31	107
31	110
31	110
31	110
31	110
31	111
31	112
31	112
31	112
32	8
32	9
32	9
32	14
32	16
32	17
32	20
32	20
32	21
32	21
32	21
32	21
32	21
32	22
32	23
32	25
32	26
32	26
32	26
32	28
32	29
32	30
32	30
32	31
32	32
32	32
32	32
32	32
32	32
32	32
32	32
32	32
32	32
32	32
32	32
32	32
32	32
32	32
32	32
32	36
32	36
32	37
32	39
32	41
32	41
32	42
32	43
32	43
32	44
32	45
32	49
32	49
32	49
32	51
32	53
32	53
32	53
32	53
32	53
32	53
32	53
32	53
32	53
32	54
32	54
32	54
32	54
32	55
32	55
32	55
32	56
32	56
32	56
32	57
32	58
32	58
32	61
32	61
32	62
32	63
32	63
32	65
32	66
32	66
32	66
32	66
32	67
32	67
32	67
32	67
32	69
32	69
32	69
32	70
32	71
32	71
32	72
32	72
32	72
32	73
32	73
32	73
32	73
32	74
32	74
32	75
32	75
32	75
32	77
32	77
32	78
32	79
32	79
32	80
32	80
32	81
32	83
32	83
32	84
32	84
32	85
32	86
32	86
32	86
32	88
32	88
32	88
32	89
32	90
32	91
32	91
32	91
32	91
32	92
32	93
32	93
32	95
32	95
32	95
32	97
32	97
32	98
32	98
32	98
32	98
32	98
32	99
32	99
32	99
32	101
32	101
32	102
32	102
32	104
32	105
32	105
32	106
32	108
32	110
32	110
32	111
32	111
32	111
32	111
32	111
33	5
33	6
33	6
33	8
33	13
33	13
33	14
33	16
33	20
33	22
33	22
33	23
33	25
33	28
33	30
33	30
33	32
33	33
33	33
33	33
33	42
33	42
33	42
33	42
33	42
33	44
33	46
33	46
33	54
33	55
33	59
33	60
33	60
33	61
33	62
33	63
33	67
33	67
33	69
33	69
33	74
33	75
33	75
33	79
33	81
33	81
33	82
33	83
33	84
33	85
33	86
33	87
33	87
33	95
33	99
34	21
34	26
34	26
34	26
34	31
34	31
34	31
34	39
34	44
34	44
34	45
34	49
34	50
34	51
34	51
34	55
34	55
34	55
34	55
34	55
34	57
34	59
34	59
34	63
34	67
34	70
34	73
34	75
34	79
34	81
34	81
34	90
34	95
34	95
34	99
34	99
34	99
34	102
34	103
34	104
34	104
34	105
34	105
34	106
34	106
34	106
34	106
34	106
34	106
34	107
34	108
34	108
34	109
35	2
35	9
35	13
35	16
35	19
35	19
35	26
35	29
35	36
35	38
35	44
35	45
35	55
35	65
35	66
35	69
35	70
35	71
35	77
35	92
35	93
35	94
35	99
35	100
35	102
35	105
35	105
35	109
35	110
36	3
36	5
36	6
36	8
36	12
36	14
36	18
36	21
36	23
36	23
36	24
36	24
36	25
36	26
36	28
36	30
36	31
36	31
36	31
36	31
36	36
36	36
36	36
36	37
36	39
36	45
36	45
36	45
36	45
36	46
36	47
36	49
36	49
36	51
36	53
36	53
36	53
36	54
36	55
36	57
36	57
36	57
36	59
36	62
36	63
36	65
36	66
36	67
36	72
36	73
36	74
36	75
36	75
36	78
36	79
36	79
36	80
36	80
36	81
36	82
36	84
36	90
36	92
36	92
36	92
36	94
36	94
36	95
36	97
36	98
36	99
36	101
36	102
36	104
36	106
36	110
36	111
36	111
37	22
37	23
37	28
37	33
37	36
37	39
37	50
37	56
37	57
37	60
37	61
37	75
37	75
37	76
37	77
37	77
37	77
37	79
37	85
37	92
37	92
37	92
37	92
37	92
37	92
37	92
37	93
37	95
37	95
37	95
37	95
37	102
37	102
37	102
37	105
37	110
38	5
38	28
38	28
38	29
38	30
38	36
38	37
38	38
38	45
38	49
38	59
38	64
38	65
38	66
38	66
38	72
38	73
38	74
38	75
38	78
38	81
38	92
38	93
38	94
38	95
38	95
38	95
38	97
38	99
38	99
38	106
38	107
39	1
39	9
39	10
39	13
39	14
39	17
39	18
39	18
39	23
39	26
39	26
39	29
39	35
39	35
39	36
39	38
39	39
39	39
39	39
39	39
39	39
39	39
39	39
39	39
39	39
39	39
39	39
39	39
39	39
39	39
39	39
39	39
39	39
39	39
39	39
39	39
39	40
39	40
39	42
39	43
39	45
39	46
39	46
39	49
39	53
39	53
39	53
39	60
39	62
39	62
39	62
39	63
39	68
39	69
39	70
39	71
39	72
39	72
39	72
39	76
39	77
39	87
39	87
39	92
39	93
39	94
39	94
39	96
39	97
39	97
39	104
39	105
39	105
39	105
39	105
39	105
39	105
39	105
39	105
39	105
39	105
39	106
39	106
39	106
39	107
39	108
39	108
39	108
39	110
40	5
40	6
40	9
40	12
40	18
40	30
40	30
40	31
40	31
40	31
40	32
40	36
40	39
40	40
40	43
40	47
40	51
40	51
40	52
40	53
40	53
40	55
40	58
40	59
40	59
40	59
40	59
40	63
40	63
40	65
40	69
40	72
40	73
40	73
40	74
40	74
40	75
40	76
40	76
40	76
40	78
40	78
40	78
40	78
40	85
40	88
40	94
40	97
40	97
40	99
40	99
40	101
40	101
40	101
41	17
41	25
41	26
41	31
41	40
41	40
41	40
41	41
41	41
41	43
41	44
41	45
41	45
41	73
41	74
41	76
41	77
41	77
41	78
41	78
41	81
41	85
41	94
41	95
41	97
41	98
42	12
42	18
42	19
42	34
42	42
42	42
42	42
42	43
42	45
42	49
42	49
42	55
42	57
42	68
42	69
42	69
42	70
42	73
42	74
42	86
42	90
42	90
42	90
42	92
42	97
42	98
42	99
42	100
42	101
42	104
42	104
42	104
42	107
42	107
43	3
43	8
43	17
43	17
43	18
43	20
43	21
43	26
43	31
43	42
43	42
43	42
43	43
43	43
43	43
43	43
43	43
43	47
43	53
43	59
43	60
43	60
43	60
43	60
43	63
43	63
43	73
43	93
43	97
43	97
43	97
43	99
43	99
43	99
43	99
43	99
43	99
43	99
43	99
43	99
43	99
43	99
43	99
43	99
43	99
43	99
43	99
43	99
43	99
43	99
43	104
43	104
43	104
43	104
43	104
43	109
44	23
44	32
44	32
44	32
44	35
44	39
44	43
44	44
44	44
44	44
44	44
44	44
44	44
44	44
44	44
44	45
44	53
44	54
44	55
44	55
44	58
44	59
44	59
44	59
44	60
44	60
44	63
44	67
44	75
44	75
44	87
44	89
44	90
44	91
44	94
44	97
44	97
44	97
44	97
44	99
44	99
44	99
44	99
44	99
44	100
44	104
44	104
44	104
44	104
44	109
44	111
44	111
44	112
44	112
45	8
45	12
45	14
45	18
45	23
45	25
45	26
45	28
45	31
45	31
45	31
45	31
45	31
45	36
45	36
45	41
45	44
45	45
45	45
45	45
45	46
45	49
45	49
45	49
45	53
45	53
45	53
45	53
45	54
45	54
45	55
45	55
45	55
45	56
45	56
45	57
45	58
45	60
45	60
45	62
45	62
45	62
45	62
45	64
45	64
45	66
45	66
45	66
45	66
45	66
45	66
45	66
45	66
45	67
45	67
45	67
45	69
45	69
45	69
45	71
45	73
45	74
45	74
45	74
45	74
45	74
45	75
45	75
45	75
45	75
45	75
45	75
45	75
45	81
45	81
45	83
45	84
45	84
45	84
45	84
45	84
45	84
45	85
45	85
45	86
45	86
45	87
45	89
45	92
45	92
45	92
45	92
45	95
45	96
45	96
45	98
45	98
45	99
45	99
45	99
45	99
45	102
45	102
45	102
45	103
45	103
45	103
45	103
45	104
45	104
45	105
45	110
45	110
45	110
45	110
45	110
45	110
45	110
45	110
45	111
45	111
45	111
46	14
46	20
46	24
46	25
46	25
46	25
46	25
46	26
46	27
46	32
46	33
46	33
46	46
46	49
46	49
46	49
46	54
46	55
46	60
46	67
46	82
46	84
46	92
46	94
46	101
47	1
47	5
47	17
47	24
47	26
47	28
47	36
47	38
47	38
47	39
47	43
47	47
47	47
47	47
47	47
47	47
47	47
47	47
47	47
47	49
47	68
47	71
47	73
47	73
47	75
47	76
47	78
47	78
47	82
47	82
47	83
47	85
47	86
47	90
47	90
47	97
47	99
47	99
47	99
47	99
47	101
47	101
47	105
48	36
48	44
48	44
48	48
48	69
48	69
48	99
49	17
49	20
49	27
49	28
49	31
49	32
49	32
49	34
49	45
49	46
49	49
49	49
49	49
49	53
49	53
49	54
49	54
49	54
49	55
49	55
49	55
49	55
49	56
49	56
49	56
49	56
49	56
49	56
49	57
49	57
49	58
49	60
49	62
49	65
49	65
49	65
49	65
49	66
49	66
49	66
49	67
49	67
49	67
49	67
49	67
49	69
49	71
49	71
49	73
49	73
49	74
49	75
49	77
49	78
49	78
49	78
49	80
49	80
49	80
49	80
49	83
49	84
49	84
49	84
49	84
49	84
49	84
49	85
49	88
49	89
49	90
49	92
49	92
49	92
49	92
49	98
49	98
49	98
49	99
49	100
49	102
49	102
49	105
49	106
49	106
49	107
49	107
49	107
49	109
49	110
49	110
49	110
50	31
50	35
50	50
50	54
50	63
50	74
50	78
50	85
50	86
50	110
50	110
51	27
51	30
51	32
51	36
51	40
51	44
51	49
51	51
51	51
51	53
51	60
51	60
51	60
51	62
51	65
51	66
51	67
51	67
51	72
51	76
51	79
51	85
51	85
51	88
51	89
51	89
51	90
51	97
51	99
51	101
51	101
51	104
51	106
51	106
51	107
51	108
51	112
52	25
52	39
52	62
52	72
52	89
52	105
52	105
52	105
52	105
52	105
53	2
53	15
53	15
53	17
53	22
53	26
53	28
53	28
53	32
53	33
53	36
53	39
53	45
53	45
53	45
53	45
53	45
53	45
53	45
53	49
53	49
53	53
53	53
53	53
53	53
53	54
53	54
53	55
53	58
53	60
53	61
53	62
53	62
53	62
53	62
53	64
53	66
53	67
53	67
53	67
53	69
53	69
53	71
53	71
53	71
53	72
53	72
53	74
53	74
53	75
53	77
53	77
53	80
53	81
53	83
53	85
53	86
53	86
53	86
53	86
53	86
53	86
53	87
53	87
53	92
53	95
53	95
53	95
53	97
53	98
53	99
53	101
53	102
53	102
53	103
53	103
53	107
53	108
53	108
53	108
53	108
53	108
53	110
53	111
53	112
54	23
54	27
54	31
54	32
54	32
54	34
54	45
54	45
54	45
54	47
54	49
54	55
54	56
54	57
54	57
54	61
54	64
54	65
54	66
54	67
54	69
54	69
54	72
54	72
54	72
54	73
54	74
54	77
54	79
54	82
54	82
54	83
54	84
54	84
54	86
54	87
54	88
54	88
54	92
54	93
54	95
54	96
54	97
54	97
54	97
54	97
54	97
54	98
54	98
54	101
54	108
54	109
54	110
54	110
54	110
54	111
55	17
55	18
55	28
55	31
55	44
55	44
55	44
55	45
55	45
55	47
55	51
55	53
55	54
55	54
55	55
55	55
55	55
55	55
55	55
55	55
55	55
55	55
55	56
55	56
55	57
55	63
55	65
55	66
55	66
55	67
55	67
55	69
55	72
55	73
55	73
55	73
55	74
55	75
55	76
55	77
55	77
55	84
55	84
55	84
55	84
55	86
55	87
55	90
55	90
55	91
55	91
55	94
55	97
55	97
55	97
55	97
55	99
55	99
55	99
55	100
55	104
55	106
55	106
55	107
55	107
55	108
55	109
55	109
55	111
55	111
56	28
56	32
56	33
56	40
56	40
56	49
56	49
56	49
56	53
56	56
56	56
56	56
56	56
56	56
56	56
56	56
56	56
56	57
56	59
56	59
56	62
56	63
56	65
56	65
56	65
56	66
56	67
56	67
56	67
56	72
56	74
56	74
56	75
56	77
56	80
56	80
56	84
56	84
56	84
56	84
56	84
56	84
56	85
56	86
56	86
56	92
56	96
56	96
56	97
56	98
56	98
56	100
56	104
56	106
56	106
56	106
56	107
56	107
56	110
56	110
56	110
56	111
57	23
57	39
57	40
57	53
57	54
57	55
57	57
57	57
57	57
57	57
57	57
57	57
57	57
57	59
57	62
57	66
57	67
57	74
57	74
57	74
57	75
57	76
57	77
57	77
57	77
57	79
57	80
57	85
57	86
57	90
57	106
57	110
58	5
58	17
58	18
58	29
58	58
58	58
58	61
58	62
58	63
58	63
58	63
58	67
58	70
58	71
58	78
58	80
58	86
58	97
59	14
59	17
59	23
59	37
59	40
59	41
59	41
59	47
59	49
59	51
59	59
59	59
59	59
59	64
59	64
59	67
59	71
59	83
59	93
59	97
59	97
59	99
59	99
59	99
59	99
59	102
59	104
59	104
59	109
59	110
59	111
59	112
60	12
60	22
60	30
60	31
60	38
60	43
60	45
60	49
60	49
60	49
60	53
60	60
60	60
60	65
60	69
60	69
60	69
60	73
60	73
60	73
60	78
60	78
60	83
60	83
60	85
60	89
60	90
60	90
60	90
60	93
60	93
60	97
60	99
60	104
60	104
60	104
60	104
60	104
60	111
61	6
61	9
61	28
61	32
61	40
61	40
61	44
61	51
61	51
61	51
61	53
61	61
61	61
61	61
61	67
61	72
61	72
61	73
61	74
61	74
61	81
61	85
61	87
61	88
61	94
61	95
61	98
61	98
61	98
61	98
61	98
61	98
61	98
61	98
61	100
61	101
61	106
61	107
61	108
61	109
61	111
61	111
62	13
62	18
62	21
62	27
62	32
62	34
62	35
62	45
62	45
62	47
62	49
62	53
62	56
62	56
62	62
62	62
62	62
62	62
62	62
62	62
62	62
62	62
62	62
62	62
62	62
62	62
62	62
62	65
62	66
62	74
62	77
62	77
62	80
62	81
62	81
62	85
62	92
62	93
62	98
62	99
62	99
62	102
62	102
62	106
62	110
62	111
62	111
62	112
63	12
63	19
63	53
63	55
63	57
63	58
63	63
63	67
63	73
63	78
63	78
63	78
63	78
63	93
63	93
63	93
63	93
63	93
63	94
63	97
63	98
63	99
63	99
63	99
63	99
63	99
63	101
63	109
63	109
63	109
63	109
63	109
63	109
63	109
63	109
63	109
63	111
63	112
63	112
64	1
64	12
64	21
64	22
64	27
64	32
64	56
64	61
64	63
64	64
64	64
64	64
64	69
64	75
64	77
64	77
64	78
64	80
64	81
64	82
64	83
64	83
64	87
64	98
64	102
64	103
64	111
65	20
65	40
65	45
65	50
65	52
65	55
65	60
65	65
65	65
65	65
65	66
65	67
65	73
65	73
65	73
65	74
65	74
65	75
65	76
65	76
65	80
65	83
65	84
65	84
65	97
65	98
65	99
65	102
65	105
65	109
65	110
65	110
65	110
66	17
66	17
66	31
66	45
66	45
66	61
66	64
66	64
66	65
66	65
66	66
66	66
66	66
66	66
66	67
66	67
66	69
66	75
66	75
66	80
66	80
66	84
66	97
66	99
66	101
66	102
66	105
66	105
66	106
66	108
66	110
66	110
66	110
66	112
67	13
67	14
67	18
67	18
67	20
67	21
67	26
67	28
67	28
67	32
67	34
67	44
67	51
67	54
67	56
67	56
67	56
67	61
67	64
67	65
67	67
67	67
67	67
67	67
67	67
67	67
67	67
67	69
67	73
67	73
67	74
67	74
67	74
67	78
67	80
67	80
67	80
67	83
67	84
67	84
67	84
67	84
67	84
67	84
67	86
67	95
67	97
67	98
67	98
67	99
67	102
67	104
67	107
67	107
67	110
67	112
67	112
68	10
68	17
68	70
69	20
69	28
69	32
69	41
69	59
69	61
69	61
69	67
69	69
69	69
69	69
69	69
69	69
69	69
69	70
69	74
69	77
69	84
69	85
69	96
69	98
69	98
69	98
69	99
69	105
69	105
69	107
69	107
69	110
69	111
69	111
69	111
69	111
69	112
70	13
70	13
70	43
70	48
70	48
70	70
70	72
71	44
71	53
71	61
71	74
71	74
71	98
71	103
71	106
71	107
71	110
72	25
72	53
72	66
72	72
72	72
72	72
72	72
72	72
72	72
72	72
72	72
72	78
72	83
72	83
72	83
72	83
72	85
72	87
72	87
72	93
72	97
72	100
73	14
73	16
73	17
73	21
73	55
73	58
73	61
73	62
73	71
73	73
73	73
73	73
73	73
73	73
73	73
73	73
73	73
73	73
73	73
73	82
73	87
73	88
73	95
73	99
73	100
73	100
73	100
73	100
73	100
73	100
73	101
73	112
73	112
73	112
74	32
74	45
74	46
74	53
74	53
74	54
74	56
74	60
74	66
74	74
74	74
74	74
74	75
74	75
74	77
74	84
74	84
74	84
74	88
74	95
74	96
74	98
74	100
74	101
74	101
74	102
74	107
74	107
74	111
74	111
75	37
75	46
75	49
75	56
75	57
75	60
75	62
75	75
75	75
75	75
75	75
75	75
75	75
75	75
75	77
75	79
75	79
75	79
75	88
75	92
75	92
75	92
75	96
75	102
75	103
75	105
75	109
75	110
75	110
75	110
75	111
75	112
76	76
76	87
76	91
76	99
76	101
76	101
76	111
76	112
76	112
77	12
77	16
77	17
77	19
77	23
77	53
77	67
77	67
77	75
77	75
77	77
77	82
77	97
77	98
77	111
78	51
78	54
78	56
78	63
78	72
78	93
78	93
78	93
78	93
78	93
78	93
78	93
78	93
78	93
78	109
78	109
78	109
78	109
78	109
78	109
78	109
78	109
78	112
78	112
78	112
78	112
78	112
78	112
78	112
78	112
78	112
79	65
79	89
79	106
79	108
80	17
80	53
80	55
80	56
80	80
80	84
80	110
80	110
81	55
81	97
82	1
82	12
82	53
82	73
82	99
83	44
83	67
83	83
83	83
83	86
83	105
83	105
83	109
83	109
84	57
84	65
84	74
84	74
84	78
84	98
84	102
84	107
85	39
85	49
85	66
85	85
85	85
85	85
85	110
85	111
86	19
86	20
86	23
86	33
86	53
86	69
86	72
86	86
86	94
86	111
86	111
87	77
87	87
87	107
88	51
88	88
88	88
88	88
88	88
88	88
88	88
88	106
88	110
88	111
88	112
89	99
90	90
92	92
92	103
93	27
93	60
93	93
93	109
93	109
93	109
94	53
95	95
97	4
97	4
97	86
97	104
98	108
99	97
100	100
100	100
100	100
106	1
109	112
110	110
110	110
111	111
111	111
112	112
112	112
113	1
113	1
113	1
113	1
113	1
113	1
113	1
113	1
113	1
113	1
113	1
113	1
113	1
113	1
113	1
113	1
113	1
113	2
113	2
113	2
113	2
113	2
113	2
113	2
113	2
113	3
113	3
113	3
113	3
113	3
113	3
113	3
113	3
113	3
113	3
113	3
113	3
113	3
113	3
113	3
113	3
113	3
113	3
113	3
113	3
113	3
113	3
113	3
113	4
113	4
113	4
113	4
113	4
113	4
113	4
113	4
113	4
113	4
113	4
113	4
113	5
113	5
113	5
113	5
113	5
113	5
113	5
113	6
113	6
113	6
113	6
113	6
113	6
113	6
113	6
113	6
113	6
113	6
113	6
113	6
113	6
113	6
113	6
113	6
113	6
113	6
113	6
113	6
113	7
113	8
113	8
113	8
113	8
113	8
113	8
113	8
113	8
113	8
113	8
113	8
113	8
113	8
113	8
113	8
113	8
113	8
113	8
113	8
113	8
113	8
113	8
113	8
113	9
113	9
113	9
113	9
113	9
113	9
113	9
113	9
113	9
113	9
113	9
113	10
113	10
113	10
113	10
113	10
113	10
113	10
113	10
113	10
113	10
113	10
113	10
113	10
113	10
113	10
113	10
113	10
113	10
113	10
113	11
113	11
113	11
113	11
113	11
113	11
113	11
113	11
113	11
113	11
113	12
113	12
113	12
113	12
113	12
113	12
113	12
113	12
113	12
113	12
113	12
113	12
113	12
113	12
113	12
113	12
113	12
113	12
113	12
113	12
113	12
113	12
113	12
113	12
113	12
113	12
113	12
113	12
113	12
113	13
113	13
113	13
113	13
113	13
113	13
113	13
113	13
113	13
113	13
113	13
113	13
113	13
113	13
113	13
113	13
113	13
113	14
113	14
113	14
113	14
113	14
113	14
113	14
113	15
113	15
113	15
113	15
113	15
113	15
113	15
113	15
113	16
113	16
113	16
113	16
113	16
113	16
113	16
113	16
113	16
113	16
113	16
113	16
113	16
113	16
113	16
113	16
113	16
113	17
113	17
113	17
113	17
113	17
113	17
113	17
113	17
113	18
113	18
113	18
113	18
113	18
113	18
113	18
113	18
113	18
113	19
113	19
113	19
113	19
113	19
113	19
113	19
113	19
113	20
113	20
113	20
113	20
113	20
113	20
113	20
113	20
113	20
113	20
113	20
113	20
113	21
113	21
113	21
113	21
113	21
113	22
113	22
113	22
113	22
113	22
113	22
113	22
113	23
113	23
113	23
113	23
113	23
113	23
113	23
113	23
113	23
113	23
113	23
113	24
113	24
113	24
113	24
113	24
113	24
113	25
113	25
113	25
113	25
113	25
113	25
113	26
113	26
113	26
113	26
113	26
113	26
113	26
113	27
113	27
113	27
113	28
113	28
113	28
113	28
113	28
113	28
113	28
113	28
113	28
113	28
113	28
113	28
113	28
113	29
113	29
113	29
113	29
113	29
113	30
113	30
113	30
113	30
113	30
113	30
113	30
113	30
113	30
113	30
113	30
113	31
113	31
113	31
113	31
113	31
113	31
113	31
113	31
113	31
113	31
113	31
113	31
113	31
113	31
113	31
113	31
113	32
113	32
113	32
113	32
113	32
113	32
113	32
113	32
113	32
113	32
113	32
113	32
113	32
113	32
113	32
113	33
113	33
113	33
113	33
113	33
113	33
113	33
113	33
113	33
113	34
113	34
113	34
113	34
113	34
113	34
113	34
113	35
113	35
113	35
113	35
113	36
113	36
113	36
113	36
113	36
113	36
113	36
113	36
113	36
113	36
113	36
113	37
113	37
113	37
113	38
113	38
113	38
113	38
113	38
113	39
113	39
113	39
113	39
113	39
113	39
113	39
113	39
113	39
113	39
113	39
113	39
113	39
113	39
113	39
113	39
113	39
113	39
113	39
113	39
113	39
113	40
113	40
113	40
113	40
113	41
113	41
113	41
113	41
113	41
113	41
113	41
113	41
113	42
113	42
113	42
113	42
113	42
113	42
113	42
113	43
113	43
113	43
113	43
113	43
113	43
113	43
113	44
113	44
113	44
113	44
113	44
113	44
113	44
113	44
113	44
113	44
113	45
113	45
113	45
113	45
113	45
113	45
113	45
113	45
113	45
113	45
113	45
113	45
113	46
113	46
113	46
113	46
113	46
113	47
113	47
113	47
113	47
113	47
113	47
113	47
113	48
113	48
113	49
113	49
113	49
113	49
113	49
113	49
113	49
113	50
113	50
113	50
113	50
113	50
113	51
113	51
113	51
113	51
113	51
113	51
113	51
113	51
113	51
113	51
113	52
113	53
113	53
113	53
113	53
113	53
113	53
113	53
113	53
113	53
113	53
113	53
113	53
113	53
113	53
113	53
113	53
113	53
113	53
113	53
113	53
113	53
113	54
113	54
113	54
113	54
113	54
113	54
113	54
113	54
113	54
113	54
113	54
113	55
113	55
113	55
113	55
113	55
113	55
113	55
113	55
113	55
113	56
113	56
113	56
113	56
113	56
113	56
113	56
113	56
113	56
113	56
113	56
113	56
113	56
113	57
113	57
113	57
113	57
113	57
113	58
113	58
113	58
113	58
113	58
113	58
113	58
113	59
113	59
113	59
113	59
113	59
113	60
113	60
113	60
113	60
113	60
113	60
113	60
113	60
113	60
113	61
113	61
113	61
113	61
113	61
113	61
113	61
113	62
113	62
113	62
113	62
113	62
113	62
113	62
113	62
113	62
113	62
113	62
113	62
113	62
113	62
113	63
113	63
113	63
113	63
113	63
113	63
113	63
113	63
113	63
113	63
113	63
113	63
113	63
113	63
113	63
113	63
113	63
113	63
113	63
113	64
113	64
113	64
113	64
113	64
113	65
113	65
113	65
113	65
113	65
113	65
113	65
113	65
113	65
113	65
113	65
113	65
113	65
113	65
113	65
113	66
113	66
113	66
113	66
113	66
113	66
113	66
113	66
113	66
113	66
113	67
113	67
113	67
113	67
113	67
113	67
113	67
113	67
113	67
113	67
113	69
113	69
113	69
113	70
113	70
113	70
113	70
113	70
113	71
113	71
113	71
113	71
113	71
113	71
113	72
113	72
113	72
113	72
113	72
113	72
113	72
113	72
113	72
113	72
113	72
113	72
113	73
113	73
113	73
113	73
113	73
113	73
113	73
113	73
113	73
113	73
113	73
113	73
113	73
113	73
113	73
113	73
113	73
113	73
113	73
113	74
113	74
113	74
113	74
113	74
113	74
113	74
113	74
113	74
113	74
113	74
113	74
113	74
113	74
113	75
113	75
113	75
113	75
113	75
113	75
113	75
113	75
113	75
113	75
113	75
113	75
113	75
113	75
113	75
113	75
113	75
113	75
113	76
113	76
113	76
113	76
113	76
113	76
113	77
113	77
113	77
113	77
113	77
113	77
113	77
113	77
113	78
113	78
113	78
113	78
113	78
113	78
113	78
113	78
113	78
113	78
113	78
113	78
113	78
113	78
113	78
113	78
113	78
113	78
113	78
113	78
113	78
113	78
113	78
113	78
113	78
113	78
113	78
113	78
113	79
113	79
113	79
113	79
113	79
113	79
113	79
113	80
113	80
113	80
113	80
113	80
113	80
113	80
113	80
113	80
113	80
113	80
113	80
113	80
113	80
113	80
113	80
113	80
113	80
113	80
113	80
113	81
113	81
113	81
113	81
113	81
113	82
113	82
113	82
113	82
113	82
113	82
113	82
113	82
113	82
113	82
113	82
113	83
113	83
113	83
113	83
113	83
113	83
113	83
113	83
113	83
113	83
113	83
113	84
113	84
113	84
113	84
113	84
113	84
113	84
113	84
113	84
113	84
113	84
113	84
113	84
113	84
113	85
113	85
113	85
113	85
113	85
113	85
113	86
113	86
113	86
113	86
113	86
113	87
113	87
113	87
113	87
113	87
113	87
113	87
113	88
113	88
113	88
113	88
113	88
113	88
113	88
113	88
113	89
113	89
113	89
113	89
113	90
113	90
113	90
113	91
113	91
113	91
113	91
113	91
113	91
113	91
113	91
113	91
113	91
113	92
113	92
113	92
113	92
113	92
113	92
113	92
113	92
113	93
113	93
113	93
113	93
113	93
113	93
113	93
113	93
113	93
113	93
113	93
113	93
113	93
113	94
113	94
113	94
113	95
113	95
113	95
113	95
113	95
113	95
113	95
113	95
113	95
113	96
113	96
113	96
113	96
113	96
113	96
113	96
113	96
113	96
113	97
113	97
113	97
113	97
113	97
113	97
113	97
113	97
113	97
113	97
113	97
113	97
113	97
113	97
113	97
113	97
113	97
113	98
113	98
113	98
113	98
113	98
113	98
113	98
113	98
113	98
113	98
113	98
113	98
113	99
113	99
113	99
113	99
113	99
113	99
113	99
113	99
113	99
113	99
113	99
113	99
113	99
113	99
113	99
113	99
113	99
113	99
113	99
113	99
113	99
113	99
113	99
113	99
113	99
113	99
113	99
113	99
113	99
113	99
113	99
113	99
113	99
113	99
113	99
113	99
113	99
113	99
113	99
113	99
113	99
113	99
113	99
113	99
113	99
113	99
113	99
113	99
113	99
113	99
113	99
113	99
113	100
113	100
113	100
113	100
113	100
113	100
113	100
113	100
113	100
113	100
113	100
113	100
113	100
113	101
113	101
113	101
113	101
113	101
113	101
113	101
113	101
113	101
113	102
113	102
113	102
113	102
113	102
113	103
113	103
113	103
113	103
113	103
113	104
113	104
113	104
113	104
113	104
113	104
113	104
113	104
113	104
113	105
113	105
113	105
113	105
113	105
113	105
113	105
113	105
113	105
113	106
113	106
113	106
113	106
113	106
113	106
113	106
113	106
113	106
113	106
113	106
113	106
113	106
113	106
113	106
113	106
113	107
113	107
113	107
113	107
113	107
113	107
113	107
113	107
113	108
113	108
113	108
113	108
113	108
113	108
113	109
113	109
113	109
113	109
113	109
113	109
113	109
113	109
113	109
113	109
113	109
113	109
113	109
113	109
113	109
113	109
113	109
113	109
113	109
113	109
113	109
113	110
113	110
113	110
113	110
113	110
113	110
113	110
113	110
113	110
113	110
113	110
113	110
113	111
113	111
113	111
113	111
113	111
113	111
113	111
113	111
113	111
113	111
113	111
113	111
113	111
113	111
113	111
113	111
113	111
113	111
113	111
113	111
113	111
113	111
113	111
113	111
113	111
113	111
113	111
113	111
113	111
113	111
113	112
113	112
113	112
113	112
113	112
113	112
113	112
113	112
113	112
113	112
113	112
113	112
113	112
